25.0 3.5
25.0 0.0
40.0 0.0
40.0 10.0
25.0 10.0
25.0 6.5
10.0 6.5
10.0 10.0
0.0 10.0
0.0 0.0
10.0 0.0
10.0 3.5
36.9792842127 5.27280458693
37.0 5.0
36.9792842127 4.72719541307
36.9173085082 4.45665137087
36.8145864367 4.19060968653
36.6719691858 3.93127486523
36.4906385268 3.68079583698
36.2720970227 3.44124814989
36.0181555773 3.21461677154
35.7309184292 3.00277964091
35.4127657161 2.80749210717
35.0663337514 2.63037238433
34.6944931796 2.47288814219
34.3003251887 2.33634434479
33.8870959788 2.22187243704
33.4582296973 2.1304209692
33.0172800653 2.06274773695
32.5679009303 2.019413502
32.1138159893 2.00077734548
31.6587879332 2.00699369243
31.2065872677 2.03801103225
30.76096107 2.09357234551
30.3256019391 2.17321723364
29.9041173979 2.27628573404
29.5 2.40192378865
29.1165983894 2.54909032097
28.7570895527 2.71656586277
28.4244524932 2.90296265898
28.1214435465 3.10673616702
27.85057354 3.32619785545
27.614086988 3.55952919558
27.4139434925 3.80479673046
27.2518015055 4.05996809605
27.1290045866 4.32292886204
27.0465702698 4.59150005271
27.0051816318 4.8634562026
27.0051816318 5.1365437974
27.0465702698 5.40849994729
27.1290045866 5.67707113796
27.2518015055 5.94003190395
27.4139434925 6.19520326954
27.614086988 6.44047080442
27.85057354 6.67380214455
28.1214435465 6.89326383298
28.4244524932 7.09703734102
28.7570895527 7.28343413723
29.1165983894 7.45090967903
29.5 7.59807621135
29.9041173979 7.72371426596
30.3256019391 7.82678276636
30.76096107 7.90642765449
31.2065872677 7.96198896775
31.6587879332 7.99300630757
32.1138159893 7.99922265452
32.5679009303 7.980586498
33.0172800653 7.93725226305
33.4582296973 7.8695790308
33.8870959788 7.77812756296
34.3003251887 7.66365565521
34.6944931796 7.52711185781
35.0663337514 7.36962761567
35.4127657161 7.19250789283
35.7309184292 6.99722035909
36.0181555773 6.78538322846
36.2720970227 6.55875185011
36.4906385268 6.31920416302
36.6719691858 6.06872513477
36.8145864367 5.80939031347
36.9173085082 5.54334862913
8.98293670518 5.36907343785
9.0 5.0
8.98293670518 4.63092656215
8.93189239874 4.26500192873
8.84730257269 3.90534803971
8.72988891762 3.55503333525
8.58065316542 3.21704657689
8.40086854292 2.89427134849
8.19206890912 2.58946145448
7.95603566888 2.30521742541
7.69478257459 2.04396433112
7.41053854552 1.80793109088
7.10572865151 1.59913145708
6.78295342311 1.41934683458
6.44496666475 1.27011108238
6.09465196029 1.15269742731
5.73499807127 1.06810760126
5.36907343785 1.01706329482
5.0 1.0
4.63092656215 1.01706329482
4.26500192873 1.06810760126
3.90534803971 1.15269742731
3.55503333525 1.27011108238
3.21704657689 1.41934683458
2.89427134849 1.59913145708
2.58946145448 1.80793109088
2.30521742541 2.04396433112
2.04396433112 2.30521742541
1.80793109088 2.58946145448
1.59913145708 2.89427134849
1.41934683458 3.21704657689
1.27011108238 3.55503333525
1.15269742731 3.90534803971
1.06810760126 4.26500192873
1.01706329482 4.63092656215
1.0 5.0
1.01706329482 5.36907343785
1.06810760126 5.73499807127
1.15269742731 6.09465196029
1.27011108238 6.44496666475
1.41934683458 6.78295342311
1.59913145708 7.10572865151
1.80793109088 7.41053854552
2.04396433112 7.69478257459
2.30521742541 7.95603566888
2.58946145448 8.19206890912
2.89427134849 8.40086854292
3.21704657689 8.58065316542
3.55503333525 8.72988891762
3.90534803971 8.84730257269
4.26500192873 8.93189239874
4.63092656215 8.98293670518
5.0 9.0
5.36907343785 8.98293670518
5.73499807127 8.93189239874
6.09465196029 8.84730257269
6.44496666475 8.72988891762
6.78295342311 8.58065316542
7.10572865151 8.40086854292
7.41053854552 8.19206890912
7.69478257459 7.95603566888
7.95603566888 7.69478257459
8.19206890912 7.41053854552
8.40086854292 7.10572865151
8.58065316542 6.78295342311
8.72988891762 6.44496666475
8.84730257269 6.09465196029
8.93189239874 5.73499807127
32.5 0.0
40.0 5.0
32.5 10.0
5.0 0.0
0.0 5.0
5.0 10.0
28.75 0.0
36.25 0.0
36.25 10.0
28.75 10.0
7.5 0.0
2.5 0.0
0.0 2.5
0.0 7.5
2.5 10.0
7.5 10.0
6.25 0.0
3.75 0.0
0.0 3.75
0.0 6.25
3.75 10.0
6.25 10.0
17.5 6.5
17.5 3.5
21.25 3.5
21.25 6.5
13.75 3.5
13.75 6.5
40.0 7.5
40.0 2.5
15.625 6.5
15.625 3.5
19.375 3.5
19.375 6.5
23.125 6.5
23.125 3.5
11.875 3.5
11.875 6.5
38.125 10.0
38.125 0.0
26.875 0.0
25.0 1.75
26.875 10.0
25.0 8.25
37.4559076053 8.14080369471
37.9182871886 2.10815960853
30.625 0.0
34.375 0.0
34.375 10.0
30.625 10.0
38.5760787093 6.33667285008
38.6869783214 3.75
22.1875 5.0
20.3125 5.0
18.4375 5.0
12.8125 5.0
14.6875 5.0
16.5625 5.0
24.0625 5.0
10.9375 5.0
10.0 8.25
10.0 1.75
26.8494420865 1.81366287849
26.8212914844 8.17808055239
40.0 8.75
0.0 1.25
0.0 8.75
1.25 10.0
8.75 10.0
8.75 0.0
36.3909858539 1.57062766735
40.0 1.25
25.5312073295 4.87497333097
36.030426706 8.53689622531
1.25 0.0
28.3436013412 1.3593527805
28.2095425828 8.6402973599
38.6862692615 7.65490760176
38.3290987003 5.03037021281
25.9375 10.0
25.9375 0.0
35.0871238813 1.16507781147
29.6875 9.0446072905
29.6064651887 0.996478801702
25.8956968645 2.625
40.0 3.75
40.0 6.25
26.2813536985 6.93669532141
1.27925984796 8.72074015204
8.72074015204 8.72074015204
1.27925984796 1.27925984796
8.78031155064 1.29977746383
38.4416066578 8.83606326678
37.450729012 0.99809952749
34.8036546244 8.81693367597
33.4375 10.0
33.4375 0.0
33.9101519812 1.06242936058
26.0793263742 3.87311295528
31.5625 10.0
31.5625 0.0
38.7301334387 1.123549842
37.1875 10.0
37.4866342068 3.15063457684
25.9191883021 5.90113789746
33.7126117629 8.93736559002
37.5282659276 6.93591214924
30.8554079128 8.96376220888
31.09375 0.968222102731
38.8935782628 2.65240579008
31.8934062379 9.01483503017
10.0 2.625
10.0 7.375
32.3817054421 1.01482585052
26.40625 0.900405951559
25.9367182898 8.87430270188
27.4376433091 0.865129522792
9.96875 5.2297191763
36.5538237343 7.65742981287
26.8953904067 2.83391932369
39.1742171287 5.54708469854
39.0625 10.0
36.723097728 2.51021580261
27.7718755792 2.16322096419
37.8423956571 4.20412953445
27.8125 10.0
27.2934317158 9.07591365379
37.5182532032 9.09877720168
39.0625 0.0
37.1875 0.0
29.6875 0.0
29.6875 10.0
35.3125 0.0
10.9375 3.5
24.0625 6.5
23.125 5.45703125
23.021875 4.478515625
22.1875 3.5
13.75 5.45703125
13.646875 4.478515625
12.8125 3.5
15.625 4.54296875
15.521875 5.521484375
14.6875 6.5
16.5625 3.5
11.875 4.54296875
11.771875 5.521484375
10.9375 6.5
14.6875 3.5
12.8125 6.5
17.5 4.54296875
17.396875 5.521484375
16.5625 6.5
18.4375 3.5
21.25 5.45703125
21.146875 4.478515625
20.3125 3.5
19.375 4.54296875
19.271875 5.521484375
18.4375 6.5
20.3125 6.5
24.0625 3.5
22.1875 6.5
35.3125 10.0
27.8125 0.0
9.11276833788 7.8125
39.2682687389 6.94253580929
37.8113819423 5.80475320278
25.0 7.375
25.8959715926 7.84243141779
27.7218576654 7.7891521483
7.86179414224 0.924081525684
32.7984045597 8.86797478453
39.3434891607 4.375
2.20564495641 0.920744451675
0.920744451675 7.79435504359
7.81472331915 9.07824766945
2.18527668085 9.07824766945
0.921752330551 2.18527668085
10.0 9.125
9.10965941535 2.22054776634
25.9274678891 1.69653583578
25.0 0.875
39.3004439392 1.83574451421
10.0 0.875
10.46875 4.25
24.7499666632 4.3866979145
24.8491090061 5.5513381212
0.625 10.0
0.0 9.375
0.625 0.0
0.0 0.625
25.0 2.625
25.0 9.125
39.1978158896 8.37678584572
35.5720587932 1.90475301893
27.0027097263 7.36105809176
29.0725967112 8.38889387135
3.125 10.0
0.0 3.125
6.875 10.0
3.125 0.0
6.875 0.0
0.0 6.875
35.78125 0.695014014082
28.8778005884 9.18773957522
35.5370109691 9.20247401104
39.3014834975 9.2026751231
37.1807020525 1.76533307046
10.6037355107 5.75
36.833058087 8.66235468629
36.6243221887 0.75804089764
40.0 0.625
39.3434891607 3.30533366761
29.1152879276 1.66602613569
9.30859570644 2.96482089484
9.34934020838 6.9375
9.70116765356 4.34421511851
33.1545369606 0.762235205444
9.375 10.0
9.23398118046 0.638955456488
35.2988896989 8.15932594044
20.0979736328 4.25
18.6520263672 4.25
21.9123673723 4.25
16.7770263672 4.25
12.5979736328 4.25
14.7989013672 5.75
24.0107132946 4.25
23.8479736328 5.75
22.4020263672 5.75
13.0270263672 5.75
14.9020263672 4.25
16.2873673723 5.75
20.5270263672 5.75
18.1623673723 5.75
26.2345258337 5.19548457233
38.1609730655 2.81925127314
30.3570147843 1.34590879663
36.2910772903 9.24580741401
26.5662848824 9.30343464435
28.4385425237 7.94379788589
28.28125 0.600286081921
9.0625 9.35288780269
0.745372939123 9.25462706088
0.9375 0.647112197306
11.2139976959 4.19429543491
25.3997398583 4.09132113947
30.15625 0.53965361663
3.10745574144 0.71379585936
0.71379585936 6.89254425856
0.726248609065 2.91543588072
3.10745574144 9.28620414064
6.89254425856 9.28620414064
7.11889520391 0.728475026699
28.4778183821 2.06005539977
27.9647693607 9.30664279603
34.4569575497 1.5916627751
38.6157419207 2.00430388299
25.7066534937 0.692396600428
21.71875 5.978515625
16.09375 4.021484375
17.96875 4.021484375
39.2966900211 6.23972521726
26.5758043778 6.25260836793
34.2715051531 8.36270767452
28.9835696505 0.665550571645
30.2405905533 8.55832444611
12.34375 5.96023997903
14.2161101459 4.04381492967
19.84375 5.96023997903
34.84375 0.513661224422
39.3898888968 0.9375
9.34844053932 8.45295096488
37.9397316884 7.56524070298
38.2212776187 6.9319852143
38.2446253211 8.17934354978
27.5569271474 8.44894144549
25.565988025 6.9375
35.8569948982 7.73494655907
0.0 4.375
5.625 10.0
0.0 5.625
4.375 10.0
4.375 0.0
5.625 0.0
38.0360802892 3.55190577368
33.3370584733 1.44953557291
27.4780165552 1.54680897184
30.15625 9.52230364525
26.7316043372 3.54531902027
26.3560075899 4.51093366839
37.6615976272 5.14436204623
38.464644514 5.68124216389
38.4830675838 4.38320541738
0.0 8.125
0.632836178126 8.43834302722
1.61644383331 0.575972640314
39.3599111794 7.71973130944
38.59375 9.50247735982
8.14640294994 1.53892098979
9.64083908452 5.87331086692
1.875 10.0
1.54785376696 9.3668481083
0.633151891704 1.54785376696
8.39184763622 9.4280314323
36.8234701394 7.002826533
31.7487200807 0.687735760519
31.8052887613 1.35428622248
37.2283851535 7.52252163664
36.1620077946 2.18005257527
9.35781658169 1.61249816449
8.54912854946 0.654926609843
32.96875 9.5182209371
14.1697093946 5.978515625
34.84375 9.50065056384
18.7815040388 5.94833904456
20.78125 3.5
16.9065040388 5.94833904456
22.65625 3.5
11.2424404907 5.9150297676
13.28125 3.5
38.1232961194 0.725652220898
38.0965490559 1.42813981053
6.46924655627 0.616364444026
25.46875 10.0
29.769502424 1.63533539447
1.51999361927 1.89779493013
1.89779493013 8.48000638073
8.10220506987 8.48000638073
34.2033825087 9.3692114436
26.161364106 3.22347830641
37.3440761998 2.37870038031
31.3907442937 8.58898757661
31.09375 10.0
31.3550764408 9.38217227948
26.4765962449 2.34161727046
25.4478484323 3.0625
25.4478484323 2.1875
8.125 10.0
9.375 0.0
40.0 1.875
40.0 6.875
40.0 5.625
40.0 3.125
40.0 4.375
40.0 8.125
40.0 9.375
1.875 0.0
0.0 1.875
8.125 0.0
25.4786988325 1.26887339858
37.3338622025 3.78904229065
36.9181515153 9.28485437066
24.4164855264 5.99306665315
35.8124782669 1.3233705325
9.45108759161 3.7806952643
25.57076622 9.38229041786
37.1288334382 6.4739633791
33.2867012481 8.49170875801
8.50953789154 7.99796476235
38.9769041253 4.92032337779
26.4806788268 7.67379516347
37.9766438841 6.38280020163
1.40861564701 8.13811272215
1.86188727785 1.40861564701
36.8407250681 3.14194621348
27.0283213296 6.71476065628
32.3675604074 9.40221588029
38.59375 0.0
0.5075353025 4.0625
0.5075353025 5.9375
3.9555144604 9.44088023244
5.9375 9.4924646975
4.0625 0.5075353025
37.65625 0.0
29.6593123399 8.45486735973
8.63390641967 1.87143165253
30.915181319 1.5272970611
37.8288898761 8.59754524438
38.9306921217 0.571943792783
24.9365105482 4.95735793978
0.521854355849 3.47084690651
27.6145676442 2.75801706738
12.1974237978 5.07164068729
15.9474237978 5.07164068729
14.2184593047 4.63694463813
19.6974237978 5.07164068729
21.6511312909 4.77129806793
17.8224237978 5.07164068729
23.5837761301 4.65626746747
33.6858885793 0.525848293931
23.4385251912 4.02773412008
34.9641464744 1.9275759613
34.2653562566 0.570770575593
26.7966903398 8.7640753518
36.9305969646 1.2461742638
38.0666574484 9.27223906035
29.21875 10.0
37.65625 10.0
22.5197857752 4.10855642105
33.8813558798 1.64393100297
39.53125 0.0
25.306105675 5.96498080396
25.0 8.6875
25.5957393124 8.37102718586
26.23695057 8.34570693381
27.5809403284 7.20778755448
24.53125 3.5
39.4689909059 2.73738132507
38.6262288094 3.17032389331
26.9331011857 1.2088979383
15.15625 6.5
0.503224763693 1.00216489753
25.3892112957 5.4138962241
26.5413695336 5.68007465808
14.3170966195 5.43025228042
32.3621082817 8.50767357662
27.1889802057 2.30953431081
9.4569554148 6.3949598413
10.1339941429 4.69660440896
33.5170579873 9.45366737413
25.9231576613 6.48085844011
18.1815098165 4.5210967664
16.3065098165 4.5210967664
21.8131800652 5.42221832275
5.20804755589 9.5
5.20804755589 0.5
0.462096142063 5.3125
0.462096142063 4.6875
31.2598131119 0.451038890077
30.7132879438 0.560806656615
10.0 9.5625
5.89866008156 0.511535195499
20.6810869914 4.09499237379
13.1810869914 4.09499237379
35.3329966227 8.7002925109
35.78125 10.0
39.2268954845 3.84016683381
12.5554205415 5.46903659873
20.0554205415 5.46903659873
29.3450712072 9.46928857104
30.7601123263 8.43938899755
30.6872294633 9.47010220341
39.53125 10.0
27.34375 10.0
36.1703679216 7.29242896646
24.3021022973 5.47421572202
32.7532072312 1.46551882592
4.59493037713 0.485389702514
4.47861360178 9.48534117276
28.4591640049 9.53805578372
34.749307391 8.07971799298
38.7457414307 6.84117577839
15.2708625813 5.98525910411
36.2243232162 2.71600044771
25.8244272184 4.42292826842
15.8036943268 5.97383172067
36.8951667356 8.10383952201
17.4442993164 4.021484375
15.5692993164 4.021484375
21.1942993164 5.978515625
20.7568418353 5.2785836552
15.1318418353 4.7214163448
13.2568418353 5.2785836552
13.5404734713 5.978515625
22.6318418353 5.2785836552
22.9154734713 5.978515625
23.6181581647 5.2785836552
11.3705865953 4.69832867301
12.0845265287 4.021484375
17.0068418353 4.7214163448
18.8818418353 4.7214163448
19.5845265287 4.021484375
18.90625 3.5
23.59375 6.5
34.547243481 1.04629190173
26.6588238723 4.07286505298
37.1333975799 0.548028930273
36.71875 0.0
27.8522342098 1.18261020224
27.34375 0.0
26.9119835502 0.591471833647
26.40625 0.0
25.517011145 3.58126947796
39.4952482278 4.87289482962
17.03125 3.5
20.78125 6.5
15.15625 3.5
36.2470290993 8.07032495534
32.6515861024 0.531977348974
27.1773388626 3.27338666295
32.03125 0.0
33.90625 10.0
26.1570988876 0.457895397908
26.4389403778 1.44870795568
27.031343367 9.514015853
7.40032698387 1.16815876629
31.8580550557 9.55704011804
25.5224349857 7.46601165377
37.4216437669 4.48348988611
29.1222546852 1.15620041178
34.2123237045 8.86425936728
18.7540714493 5.42172786856
16.8790714493 5.42172786856
10.0 2.1875
37.6498007129 0.517277719821
8.92301166085 7.29171518059
17.6747972567 5.98688630895
21.71875 3.5
21.4247972567 4.01311369105
29.6578911954 0.499126500932
26.0695506137 9.35580348361
25.9836497677 1.18829128837
37.3313732599 8.63608509029
10.0 0.4375
37.3131794797 5.84905142641
36.6388760234 2.01149616719
9.54106899789 4.87577501826
10.4846327643 5.24773115402
9.48871800476 5.39047355963
33.7814622966 8.44521773144
7.57537057033 0.503356240724
38.8824349931 5.94739896728
25.46875 0.0
25.0 0.4375
36.1830894451 0.989997521951
9.48196906783 7.44283929408
9.5674713309 8.00876570026
8.68052575871 2.47878121508
28.1763570973 2.46411234637
28.0754923754 1.77391378171
28.1538752929 7.52503722582
26.0811035756 7.38634705715
20.6484368192 4.60925672322
22.5302098574 4.62009358442
13.8226414602 4.95468367882
11.7317536072 6.02040468159
13.7260724943 3.99217024304
23.1797117907 4.95657327273
21.2000242555 4.96760621057
19.2715523594 6.01621032208
11.3953803592 5.19563361273
13.1484368192 4.60925672322
15.0629611626 5.32750432728
9.51182609446 1.09826069844
27.9828449663 8.20490118836
27.2926274378 8.03236438763
7.29322669984 8.91435180483
1.15625167386 2.63931817686
2.70677330016 8.91435180483
36.71875 10.0
0.407519878815 7.8125
2.08999845069 0.442533280703
2.61486840078 0.517621430434
9.51475445215 2.51099351324
35.7032731622 2.39333008318
0.47025317412 6.44534694508
3.6128515629 0.739728597587
6.3871484371 9.26027140241
37.5957464045 1.48027284113
31.874670824 8.52736008905
2.1875 9.59209430391
8.28740529031 8.94935180426
0.502397765592 2.46424557297
7.41549317901 9.45654020735
38.7468906124 8.15413781307
7.8961109741 9.56394950334
8.32108467637 1.08476857407
10.1088094467 5.70641106375
0.461885182456 7.31963826315
2.63300916381 9.39563500839
29.21875 0.0
30.3548125364 9.0539971311
2.4839187579 1.32697412936
1.08854483361 7.28119722108
11.0115884918 5.48999665085
9.5567263003 9.34375
39.63158467 2.1875
10.46875 6.5
8.08775345176 0.488916261823
3.49066571073 9.58734690872
23.4206859152 6.02325092255
19.1186143366 4.13712100461
37.3260209747 9.53953245356
38.0696330927 4.62674199246
11.40625 3.5
27.5199486086 9.50887052671
25.4583115319 8.83128489906
35.3344702694 0.490762704675
32.2704353007 1.48500385829
8.90180132579 8.27558684001
1.73294266761 8.92741985811
1.07258014189 1.73294266761
27.732151464 8.89143761913
32.96875 0.0
39.5411010397 0.480892970227
39.6060253365 6.60421453769
9.1637827821 8.88967385124
28.6023866679 0.9560014227
38.2662702841 3.96395498972
27.787285008 0.502851070336
25.0 7.8125
28.9338625858 7.9123615541
26.40625 10.0
0.472605208879 0.472605208879
23.59375 3.5
24.53125 6.5
17.03125 6.5
18.90625 6.5
38.59375 10.0
34.84375 0.0
14.21875 3.5
17.96875 3.5
16.09375 3.5
30.15625 0.0
28.28125 0.0
10.46875 3.5
35.78125 0.0
21.71875 6.5
12.34375 6.5
19.84375 6.5
31.09375 0.0
30.15625 10.0
33.90625 0.0
32.96875 10.0
14.21875 6.5
34.84375 10.0
28.28125 10.0
16.09375 6.5
13.28125 6.5
22.65625 6.5
12.34375 3.5
19.84375 3.5
32.03125 10.0
17.96875 6.5
11.40625 6.5
26.4161812264 2.81729350681
10.0 8.6875
38.9536092538 8.82689019218
39.5635822595 5.83538515111
38.3137589584 2.37014901329
28.3729376349 9.078448209
28.697382453 8.70791433212
38.0773870676 5.42233969281
25.9115823768 2.16076791789
37.6905784761 2.71384024303
33.1987071582 9.11054306576
0.492955683784 1.99537420142
32.8224014412 8.38366986723
25.4615240654 6.48778800669
22.9687470641 3.94982860888
24.4901749934 4.78744140449
24.9500763609 3.96452388094
25.1845803725 4.5604462209
38.9114659882 4.1890557899
39.6598602044 7.1875
38.9348099841 7.26403318269
25.4689647182 1.72837782403
2.33365459192 8.63875085627
7.64607251926 8.60099213328
38.7659278384 5.33118065878
32.1976035456 0.59507790917
1.39249600247 7.65590027235
37.1681990157 2.81031138665
19.9651117666 4.69368420615
12.4651117666 4.69368420615
24.4405579271 3.99269423734
38.8769522505 1.59042408575
39.0295996432 2.21049034879
39.5352402684 1.40554933901
9.54363031592 2.04299619905
35.8965521405 9.52852760675
31.3901642571 1.59477169834
39.6717445803 4.0625
39.6102134176 5.34116628955
1.1132870496 9.54905045181
0.456471253796 8.87855696699
30.0105853988 8.16592136233
29.4068023814 8.05861233877
29.3272279943 8.76628352156
25.4450152653 7.91638603249
9.87383504673 3.93033794564
32.3375211096 8.95511119927
26.4076232631 1.89727733541
17.3488107481 5.04981109882
19.2238107481 5.04981109882
15.4738107481 5.04981109882
24.8618483538 5.99653219911
11.6582241429 4.15303577713
6.62119911997 9.6366483361
3.4375 0.324639550416
39.6574793128 8.4375
35.9795525547 1.73286252329
35.2802768663 2.24043757352
35.3958427616 1.49148063693
10.5944069299 4.69294879378
10.8209292126 3.94862763289
0.416136336805 9.5838636632
28.9478471699 2.10780768175
10.0 1.3125
10.0 7.8125
25.0 9.5625
25.4376195606 2.625
25.0 1.3125
25.0 2.1875
25.0 3.0625
25.0 6.9375
10.0 6.9375
10.0 3.0625
26.0339449331 4.80683444109
2.72758043103 0.951127614684
9.57158315147 3.33927056094
25.8484416464 5.44623851363
10.234375 6.12788136256
35.4220502154 7.63802405145
27.3250648428 0.43968784277
9.1547046375 3.46263353539
1.77437909968 0.981914024585
36.5851832053 9.57738602235
26.3775653098 8.90392436788
38.359375 0.363378439241
6.74548721927 0.953948104927
30.6469632947 1.00409709897
9.60914868009 8.90132660124
3.5179385678 9.15824925777
38.3424286617 7.36506459603
38.2528679851 6.0544359041
37.5608754234 6.5040530452
30.540912826 1.72950615347
36.2207772105 0.485871265518
1.15032020002 9.12568741294
39.5796999597 8.8667139938
26.9987125213 6.27995082652
0.919721294386 3.30194947916
26.5644983256 4.9009874946
35.4160009794 0.903191364968
0.865432787512 8.78696518385
27.3391107792 7.61403290933
26.8897932276 7.76463821721
26.7143334619 7.02597407117
37.7584706186 9.57804409455
7.70893004378 1.48320073471
36.4550576026 8.45046440343
39.296875 9.63577170751
0.991326777074 8.21226204001
30.0659785049 0.990255737644
28.7716964903 1.40637050381
29.4567203389 1.95604091657
39.12368271 1.2563119849
0.0 2.8125
35.1004873265 9.14256054904
35.2802736426 9.56056402584
35.7314619598 8.83094529481
1.46021534006 2.32844710183
0.917850797576 1.06619234592
9.24831419111 5.99919441824
34.978629359 8.43342354214
35.6328020776 8.40983186747
21.0316561633 3.86071104193
27.2026788108 8.66891798679
28.8690171734 9.60254184571
7.1875 0.0
38.5451216144 0.744017678491
10.703125 6.15503558003
8.59361286056 7.57302756135
24.5943018829 5.1850954358
38.3227010114 1.08730205114
23.828125 3.85563331761
34.5772791911 9.17324317089
27.4103775362 1.95730515686
39.067029965 6.58241785484
36.9419146361 3.57628426547
37.5714312068 1.8895501684
36.7948662995 1.63138614521
32.8160717724 1.03524107855
33.203125 0.346632943209
33.5357528092 0.903753196708
29.7537565458 9.44842537942
36.4693960305 8.86799651112
11.7709612956 4.96907443035
17.265625 6.15706650964
31.5134773073 1.04337596158
34.1971275841 1.92582491572
28.4984687817 8.34939669135
29.4313568861 1.41538474897
8.21454461042 1.96264331448
35.0347872542 7.78135824422
9.64802929323 0.65625
8.89731560682 0.893965097763
9.0625 0.0
8.8857941231 0.399916968568
0.870153140205 6.38418515846
14.2165432339 5.03996882022
16.4767873132 5.39402216622
16.5197121584 6.09023113318
17.8211468534 5.49663755712
22.1541224261 3.91322096243
22.0268416101 4.63347117806
18.3947121584 6.09023113318
18.3517873132 5.39402216622
15.9188325507 5.58813629114
8.1089018986 8.07254314706
1.93941359303 1.82686634772
1.82686634772 8.06058640697
38.4639116531 1.61911161983
10.853190568 4.3802385925
36.9838695154 2.20970642027
8.87172293573 2.88053445032
31.4823064707 8.99049924142
26.644506503 3.15071228133
39.0042933059 3.51151424095
39.0209452956 3.0461146627
40.0 3.4375
39.5954043435 3.64037649791
18.671875 3.83864155173
23.8050115235 6.15352379232
17.0367641117 3.91995552699
20.546875 6.16135844827
15.1617641117 3.91995552699
13.046875 6.16135844827
22.421875 6.16135844827
12.578125 3.83864155173
20.078125 3.83864155173
8.98521867183 6.75964617387
21.5426212113 4.39081568539
36.5470438448 1.14667980527
37.8482636091 8.20106200818
37.5350147787 5.52025447474
26.5654301733 6.65355650513
14.6375433892 4.58002961155
12.1615491731 5.46390840772
19.6615491731 5.46390840772
40.0 9.6875
8.4375 0.0
17.154159443 4.35787331828
20.904159443 5.64212668172
15.2968141403 4.3143059391
14.7729926692 3.88122713249
16.6479926692 3.88122713249
22.2119281346 5.39869373619
8.65440916709 9.12000968132
1.38756676824 0.898713171898
34.6063962141 2.08999778811
26.6382211483 5.29306300144
2.8125 10.0
26.640625 0.311547170262
14.921875 6.17768358427
14.5296977842 6.13888078646
30.1557114315 1.6782937858
39.4688594243 8.09513054498
40.0 7.8125
37.8146409397 1.15154438495
9.33022802383 4.17158104816
10.0803361042 4.25944566082
12.2316349073 4.38203428833
19.7316349073 4.38203428833
34.8685915139 1.52099853304
2.93781872205 9.63394543535
23.476277543 5.63947615102
37.1518091465 8.97769666961
8.96341245861 1.6512458923
38.9743850642 9.41576734285
6.83807500834 0.417428442614
27.4741574479 6.8188004201
9.67467010419 6.72008755146
7.1875 10.0
7.03125 9.64672690207
0.778754017269 3.77306415356
38.7029022743 9.1269834073
36.7709265979 0.391401347713
5.57105082641 9.32944260045
21.5157042821 5.18263582554
9.6875 10.0
9.6875 0.0
28.046875 9.68807282509
26.9118650253 9.13216845685
26.640625 9.68718074792
28.515625 0.30014304096
28.1993052028 0.989111385271
34.2342773666 1.27463932255
36.6359890577 6.67127128738
36.4334814235 7.0045652715
9.16705079739 1.27518455414
13.4687176503 4.81480239903
0.387950934474 3.1062551185
13.4108617357 5.62360421112
22.7858617357 5.62360421112
26.807618848 5.951363575
8.5306741501 8.38403394482
14.6896951666 5.37645574249
38.2935114988 7.77233305882
37.5718523846 7.74713284178
37.5934507258 7.33919108951
23.9654647136 4.62991227515
24.361630357 4.41952936688
37.9062967143 3.1528098258
38.5167836253 2.68975882665
39.0055658333 7.86943125053
25.4102374213 0.407174022847
30.4873258051 8.17247323626
10.4528862388 3.875
39.6177391472 9.42261314991
36.4377396042 3.06613953683
35.8030525983 7.36452897542
37.8756371747 7.08667171062
38.6923684011 8.53902673453
39.2662281483 5.17736974772
7.8125 0.0
26.1873836826 6.1891754183
25.6879617403 6.19259497126
31.796875 0.30561718327
37.5882842727 6.11935283356
36.9618661516 9.68105410987
9.14090260368 2.60469489549
37.7345292888 3.81722728028
2.19846313211 1.56253888785
36.0967324261 8.92309397152
0.713363406853 5.59796026804
0.713363406853 4.40203973196
11.171875 3.80035829081
25.9051221513 3.52111664023
29.9086780887 8.73849208882
30.5579019716 8.74698291659
21.7772868546 3.87429133144
11.3757497399 5.56741543191
9.38493865701 4.53886094507
9.67627405914 2.85810575532
39.0127644127 4.54855269857
28.5253423506 7.5786560703
38.2477466876 1.92683623106
4.84036394543 9.64029243252
5.59633904761 0.724985554944
26.9504819617 3.84430889383
7.22641392884 0.371132727313
22.7881086274 4.9173772683
25.8345298013 3.01035693892
20.1696048356 6.15067510426
12.6696048356 6.15067510426
26.1727705784 5.62874938311
38.2261047263 9.62567566879
26.4378109646 3.77358059486
26.0472119846 0.827477308565
25.8107141721 0.342409993498
25.3491010577 0.767345384535
38.6158577957 4.75669592107
39.3068886514 7.31627385195
9.09283330013 6.41140152545
26.4490371439 7.2963351566
18.5386093352 4.59701649585
16.6636093352 4.59701649585
18.0217923508 6.12885636177
36.9724049203 0.879790923939
26.171875 9.71241090124
12.9005424254 5.35322720862
20.4005424254 5.35322720862
2.9657076184 0.353198319784
18.3460608461 4.02907863991
22.0960608461 5.97092136009
37.9919352445 0.381991431793
5.54847407328 0.360033996281
16.146082806 6.12811877714
9.70789591039 7.15625
28.757072434 1.78287981074
27.2665865334 2.9059498467
9.86999019671 6.15824606637
6.5625 0.0
16.4215969405 4.17697888836
38.2662131281 3.16360709971
38.4403279493 3.48282742824
22.2572005897 4.35588208535
25.5985443956 5.71805392712
27.5603205857 3.11365514115
9.31482209302 9.63004927428
8.75080627137 9.601377838
8.4375 10.0
1.25495363745 0.401403706709
0.9375 0.0
1.5625 0.0
27.2408212085 7.09200509321
25.703125 9.7214286909
31.8823468505 1.71437684759
13.9437692816 4.27724147439
14.5350279092 4.22688252889
25.9237943437 7.04687413072
25.2829940125 7.15625
38.0666606827 8.89299540222
38.195309375 8.54606115038
12.109375 6.23011998951
19.5787073207 6.20348690423
30.390625 0.269826808315
26.4681694466 8.04941822419
3.07249141663 1.08051342277
1.07868088358 6.91571060955
0.359059745346 6.79581771013
3.22574800358 8.9432914021
6.74325907349 8.94810542751
25.7649441367 4.06135700682
28.6848209683 2.35965356905
26.8268322279 2.19332623975
1.5625 10.0
1.81463530866 9.63009680683
0.0 1.5625
31.9867023044 1.00321439053
18.7885048323 5.066198685
16.9135048323 5.066198685
37.9627495875 2.47051991444
23.9691704871 5.34479428674
37.5552014296 3.50452597625
35.6489465197 8.04051454936
33.1688678507 1.12631511137
37.8505524219 6.72388893944
39.0191880434 0.916383697355
9.53125 0.319914212059
34.6149563079 8.49917016112
29.8400643067 1.27709590852
40.0 4.6875
39.6629625167 4.54969966397
9.71102551553 1.53125
36.8526472147 7.39768372408
37.1642503141 6.84700223138
0.655339326445 8.07676067991
36.9453752967 7.74645832511
0.335545517642 9.2254481739
0.0 8.4375
0.337799060551 8.23848991674
29.2742313141 0.393932191062
0.0 2.1875
28.8667848252 0.332775285823
29.2878729707 0.844462452427
29.9273653705 0.269826808315
38.7011623986 2.35128888936
37.245136132 1.41446836481
28.083861403 0.30014304096
1.0734820786 2.98330420202
39.648198153 6.25491502359
29.2368898482 9.1203053922
12.0188355765 5.79790614207
37.701234789 4.75597221985
37.3644802452 4.91782220228
37.9353926971 1.7492688081
18.5329988622 5.69726423955
16.6579988622 5.69726423955
21.484375 6.2392578125
21.4565246582 5.7428074526
15.859375 3.7607421875
15.8315246582 4.2571925474
17.734375 3.7607421875
17.7065246582 4.2571925474
36.1997668638 7.64546593904
28.0643314274 7.86395572454
39.6512387305 1.83725297437
37.4852021667 4.12268398751
11.5207337873 3.83095643582
20.4354321535 3.83550842622
12.9354321535 3.83550842622
1.87766950846 9.24707358067
0.31313093073 1.40625
33.9811867618 8.13493545934
34.3897298203 8.01746166378
4.0625 10.0
26.5010418038 8.57600157601
6.26301509389 9.6420123239
0.769726279752 9.66687648014
28.1180633566 2.12016191587
33.8839293488 9.60410956435
13.9971387391 3.77083809923
21.843822394 5.06270139836
9.79285752698 5.56003442486
35.0664254452 0.801639492626
34.609375 0.256830612211
8.37925058476 2.28236116945
26.3069200372 4.15330609351
26.6980655591 4.57884549919
35.8854161525 0.347507007041
35.078125 0.256365537192
37.421875 0.25575693602
31.1888113346 1.30663963647
38.2926278561 6.57112395334
9.6772783549 8.56173035319
33.2816419483 1.81062215767
33.6821130089 1.34260063189
37.1616640624 3.29613200852
20.1543023748 5.8028554755
12.6543023748 5.8028554755
36.2344480039 9.6434383303
39.2225883235 5.88883623083
27.7243536018 1.7982195266
4.7720573101 9.30001347453
15.1986396846 5.64635327122
7.07010661353 1.06961449842
12.7943021853 4.55052580456
20.2943021853 4.55052580456
33.8073049962 9.26841620862
37.0693899178 8.4059246106
7.52496548702 0.84553039361
19.2912995137 3.83646479271
32.6151301416 9.1610211374
39.3382590156 2.39974612353
32.265625 9.73836287205
39.691527623 1.10042085803
37.9824714045 4.96798307609
34.609375 9.75032528192
0.960004388328 1.40773876273
25.2241746624 3.7590373127
38.828125 9.75123867991
2.25981734884 8.2998765613
40.0 1.5625
27.1754183218 1.70776937083
27.5077571498 1.20301225067
27.7807988351 0.846453236021
9.24683480106 8.1267530576
15.9709730032 4.69462354015
17.8459730032 4.69462354015
28.4170561825 1.7195757165
39.6898966336 3.28125
27.652682716 8.12236903576
27.8870893977 8.53147359809
37.1299023916 7.19106750757
39.296875 0.24534852999
13.1547832498 4.95167101858
20.8373932473 4.92209527798
37.0420749437 6.10337667442
30.859375 0.250455206044
8.45489002866 1.39690477805
7.96071578101 1.25158311287
7.92166639255 1.79240272323
37.0138695799 3.91113354263
0.819632554149 2.58797977339
39.6542461555 7.53497272549
19.5383346772 5.79074812014
30.3608115919 0.814977859681
9.0625 10.0
8.08545976871 9.28255100793
25.2657232011 8.46875
34.140625 0.250893535817
31.0461067435 9.61566673812
30.9718605429 9.28354124076
20.8466204929 5.9850739743
5.51032703558 9.67177700493
16.328125 3.75275983172
14.4392140704 3.77298407631
33.2676708677 9.69631015647
32.6300645656 9.65762096872
5.97900855745 0.837510826783
4.33821247305 0.724798730146
13.984375 6.25899263467
13.8550914329 5.80209068335
14.4627547302 5.80492052895
29.9070519446 9.74660637514
30.390625 9.76115182263
30.0074832021 9.19945054646
9.6484786629 9.6666210333
0.3125 0.0
0.0 0.3125
8.29374300352 7.73508940954
9.02603087009 8.58551479809
28.0645161452 8.94392260089
32.3905746345 0.318766368767
35.5967562521 9.70504545627
25.9092555975 5.11727074518
18.1396583857 4.85133716772
16.2646583857 4.85133716772
38.1592391221 4.30616243386
38.5999564609 4.07141173689
26.2340813737 6.60518841949
38.4320242832 5.34848555013
40.0 0.3125
8.55769020824 0.316490789879
6.06139897011 9.18092364573
4.02139926483 0.839244780823
0.839244780823 5.97860073517
36.5002598159 7.32977963231
38.6974260926 0.324143748887
2.03220869456 8.78360911991
1.74539351304 2.14855736142
1.21639088009 2.03220869456
1.3765601865 1.5975048861
1.5975048861 8.6234398135
7.93436078509 8.76754425662
7.82941266525 8.27173627399
35.546875 0.235380723761
13.515625 3.7352723053
0.78125 0.311256861455
4.21875 9.70078358595
28.6450861384 0.616684909522
38.9670790386 6.26713320572
38.5174527798 7.08261749131
0.785376979502 7.46607655765
33.5106155086 8.21873347664
10.9082369157 5.88999216241
11.171875 6.25021120352
40.0 9.0625
37.1809168309 4.25508313753
40.0 2.8125
9.18669342421 1.89732313663
36.8105662781 6.39315980427
27.578125 0.0
5.3125 0.0
38.1419671022 5.7448175356
16.8021031129 6.26188176395
18.6771031129 6.26188176395
37.8006636667 0.816623371031
23.186451185 5.79340714784
29.7878362378 1.96609621249
4.89740619072 0.664027431949
4.89445062799 0.323631581408
27.8164348304 7.4584667098
26.4355649681 3.40374549362
9.22694794108 5.58963405666
25.4881920947 4.41579176978
6.3608873928 0.939664219524
6.22194600613 0.357155306129
5.9375 0.0
21.0257122767 6.26023964236
34.205875431 9.70727330582
30.9539743006 8.1732163764
31.6031737133 8.3262609001
31.2628938494 8.28599491827
31.04103279 8.65918240798
0.0 6.5625
10.2343326041 5.01987220146
32.8163598039 1.79459120411
27.6000623827 9.19122248822
1.71510255715 7.72774414937
38.3941964378 9.24085746375
0.340018044078 2.76650482073
13.5731747163 5.17503570161
31.6749714979 9.27284829588
31.3686782182 9.72133880848
36.4646142283 0.256722437198
3.74294739292 0.440187928386
35.8430044927 2.09389495157
36.2729040822 1.87399022719
36.47130861 2.2962655812
0.32747184279 8.57143942981
9.20253935564 0.311647594786
22.421875 3.5
19.0561071787 5.76870673855
17.0989245195 5.67429523869
18.203125 3.5
21.953125 6.5
36.5682834253 8.14151165435
17.3764915643 5.8486179883
25.67161722 3.29666213718
29.2327360684 7.78368879057
9.04513106842 3.1560677226
27.2559783785 6.4808450873
26.6633697276 2.60701386149
26.1460814018 2.40118005059
23.3633184755 4.37616407849
23.6769699454 4.26153258628
37.2584825366 7.86874806403
28.1239508488 2.78329227199
33.7241934788 1.93449115804
25.2829940125 6.76624790096
31.4264251736 0.730171935322
25.2581046038 5.09118399261
27.2507329068 8.3510763779
36.8413077105 2.81502149574
36.6660353438 3.41160072162
37.8660211857 7.87912671325
27.9036147126 7.14061326665
2.14203922889 1.24097009046
25.9100918075 8.20001240839
25.9562914963 8.53585892986
25.3453555987 9.66234221563
27.1993562143 1.38785585914
0.0 7.1875
25.1139375129 4.24414368154
8.16171170589 0.803566293943
9.22279319566 0.959413535321
3.38905933821 0.983675179023
38.5703868367 6.01700613044
38.9219242974 1.90817534004
29.8331776939 0.768585910404
2.81027770235 1.28033636802
35.8787962787 9.18684624293
39.6712199939 0.777325357324
34.2251903426 0.915892273523
33.9478340214 0.731524356973
1.40625 9.70643199014
9.76518919022 7.59375
0.795279219095 1.89179177189
22.9590184772 5.18566594856
37.3016369188 2.06156283493
37.6685358725 2.32271260864
27.8365925068 2.49853684902
27.5029398631 2.4377743338
26.5897390046 0.632365596186
26.7880269397 0.904785675875
27.1107804466 0.851299460092
26.6116627136 1.17557814238
29.0155603116 8.70197418707
24.086110148 5.97940269114
27.8807880157 1.50962867835
29.5619873415 9.70515633767
1.79741032375 0.31118942993
8.28125 9.72466509975
8.82883652959 7.96274828941
18.9360524847 4.40326296048
11.9301713294 5.24497356955
32.1265319671 8.71912276509
34.9487442041 2.25928662252
27.109375 0.0
35.6888411065 1.61264443104
35.7205303939 1.01298593234
36.1031897151 1.44358862475
0.0 0.9375
0.300604654828 0.748215482871
21.1418186881 4.15981232525
36.6108163555 9.16573069261
37.0604873473 2.51478035197
32.5075481416 1.70301417098
24.158090579 3.81804497769
31.1665360775 9.03155348624
39.2753466101 8.71015058534
38.7796850423 5.64770265275
25.2310372041 7.59375
25.2248950883 1.53125
0.343655020436 4.36473724195
0.38675806126 5.63212905247
37.3477156563 5.24792117847
25.2239242161 3.28125
25.2239242161 1.96875
25.6666582126 2.41148541045
25.6776697693 9.07349428278
25.3350728206 9.14341487651
0.0 3.4375
35.9402107278 8.21145040399
13.9687314259 5.23223477777
29.25267576 2.2008884301
9.31058827239 5.11234400539
11.0304560141 4.67173946691
24.684496901 3.7829028642
15.4224909242 3.74208657413
17.2974909242 3.74208657413
33.387508477 8.82171610886
0.9375 10.0
4.6875 10.0
0.3125 10.0
40.0 8.4375
3.4375 0.0
6.5625 10.0
40.0 4.0625
40.0 7.1875
40.0 5.3125
40.0 5.9375
40.0 6.5625
7.8125 10.0
2.8125 0.0
2.1875 10.0
2.1875 0.0
0.0 7.8125
0.336714664096 5.0
0.668357332048 4.95165908914
4.0625 0.0
5.9375 10.0
0.0 4.6875
0.0 5.3125
0.0 5.9375
0.0 4.0625
40.0 2.1875
3.4375 10.0
0.0 9.0625
0.0 9.6875
40.0 0.9375
5.3125 10.0
4.6875 0.0
1.90611563299 0.69696691923
36.5323586618 2.76835722989
15.5415395005 6.17822788884
33.0484705732 1.57945059766
22.7216226447 4.36031819046
22.6713562363 3.82296621176
27.0415267177 0.306030610637
6.54332633113 0.312335757729
23.5053319983 4.97270925967
39.0810074975 7.55378018632
26.9434856697 8.47672429058
30.8864474327 1.21167660964
33.5600188129 1.66854936917
26.4218212881 5.97456723732
25.2484641784 1.06085896216
25.6982691917 1.0223893652
25.6836749346 1.50307091628
18.0554317314 5.28484113552
16.1458274832 5.34166272011
18.9816610096 3.85854045217
9.87443667928 4.90831893508
35.0318552296 9.75032528192
32.734375 0.0
32.8838812152 0.309936324603
20.0011358636 5.00297164619
15.7597313773 5.32028989704
12.0352988411 4.80786156975
12.5011358636 5.00297164619
17.5957989661 5.28346012425
19.4704492676 4.84741170342
2.6311872838 9.7120529285
25.2239242161 2.84886583351
25.2188097803 2.40625
25.6678079549 1.96756985479
24.296875 6.5
24.6408377797 5.78007716696
37.2269021422 5.55160789437
21.9023494221 5.7235178803
39.2393253943 0.549405306298
28.7964236684 8.21083568969
9.71253260658 3.61490365741
9.13566702358 3.77749532036
11.456690527 4.39523811742
33.1991462437 8.19156669466
33.0084903955 8.63563738157
25.0996868359 6.20195759855
25.0688548126 5.767829345
0.369616632524 1.71101528624
24.9952897348 5.2694275005
8.41708141417 8.67015339447
1.45627334301 9.06957986476
27.8392056338 2.9742384094
27.0398399776 3.54928335106
7.39900963085 1.49787761595
23.2364726743 3.79077366071
35.2634462953 1.79213817189
29.7021699432 8.14897437265
8.70920965464 7.06601622075
35.8795652795 2.69068507696
26.1061408772 2.85593636894
32.143400444 9.19271489836
17.5944929609 4.86815965773
15.7194929609 4.86815965773
26.7661770213 1.49397566386
15.1623976049 5.03184701195
2.9353103862 8.70682793892
7.00963719472 8.79101101597
34.5711968753 0.710780923538
8.78418659382 2.16536034791
2.60436653208 8.49719379368
23.2634870589 4.66382907407
26.709996525 7.46451570896
26.2156887452 7.85299002533
34.7003237686 1.77506279829
8.59829130529 0.956421896873
31.7011484295 8.7781266835
31.8863019612 7.99611448105
22.4941195572 5.00459597304
19.140625 6.5
18.9978481171 6.18935235354
39.2563641968 1.53251386052
11.4512841065 6.13401622119
28.8412818349 7.60879160685
26.9663583176 2.52927321962
20.8504488387 4.36391364172
13.3504488387 4.36391364172
20.7364344997 3.79838268363
12.8794403742 4.13453948928
20.3794403742 4.13453948928
2.34375 0.266433623291
19.4520328482 5.24697290251
28.4673242797 2.58946561558
24.6374963509 6.20948950446
27.0936207113 2.01064812204
39.6817602323 7.854834825
37.8880046233 6.09549445467
33.9356763341 8.7176819346
15.859375 6.5
9.23417243211 4.80424239428
9.38115098577 9.09862878589
24.8946547948 4.65522041436
19.0140435078 5.26747439461
17.1390435078 5.26747439461
25.6324792902 5.23621006877
1.36566521849 8.43425040217
1.65589830745 8.30520639707
1.20894498333 7.90341176252
1.59334712102 1.2413640729
1.67269786652 1.64045531462
33.6113185237 9.74635277621
38.6469622825 7.35545839151
0.342277110818 3.76250063892
0.805861683665 4.11381141928
4.21875 0.25376765125
0.305623125959 6.17796914894
3.77963132555 9.69356138342
4.23417989978 9.26173627934
3.83176071038 9.15243057726
36.9166000721 1.90340628771
11.8395078913 3.81709521141
12.109375 3.5
9.60690038288 4.06193075255
32.0936201376 0.316918171098
38.7049434092 5.04026791745
34.5112403425 8.88121974484
13.9281928397 4.57387267298
14.2340357466 4.34031343955
14.4367043 4.83949887143
14.0389280534 5.55756827176
10.3728935208 5.53948363057
38.4874942916 8.0020735162
17.734375 6.5
21.484375 3.5
29.3606400949 8.46914292644
9.73202627046 4.64339904198
8.40192770464 1.68791555733
37.5942442941 8.79899845264
37.61866262 8.3885577558
26.1955780801 3.59647427337
7.31323860213 9.73319613283
7.6160970873 9.68791033777
23.7905330023 4.87354352284
38.9995881833 9.12007310261
13.2287216996 3.8038729946
35.3808360223 1.19647641364
0.920989221427 8.49799464185
37.2129565878 9.26666366262
31.1265094591 1.7452092835
10.234375 3.5
1.51430229466 7.38775846425
26.8348897732 5.62040907835
39.4992152767 3.04190245133
39.0063831198 0.288227382848
30.8243812358 1.8067063597
30.650503372 1.39227499081
29.6279482252 7.86366695004
39.6998646912 6.88968064865
32.9140904174 9.21869491041
37.8250006687 9.08261517031
9.28572042033 6.64293768551
36.7604086861 8.37156492267
32.5896363661 1.22188955798
39.5787097938 9.71193799009
35.9951792737 2.42120486313
9.71693221214 2.28857857583
21.3902482721 4.63998527776
38.7619779356 2.91243564722
1.45688370565 2.62922990066
12.2808972524 3.79392725967
13.3441027476 6.20607274033
19.7808972524 3.79392725967
22.7191027476 6.20607274033
35.3382413301 2.525899403
29.6175070962 8.74305777244
10.1701535996 3.97374985087
39.1685839046 2.78089633126
39.682064545 2.50140557725
29.9502215102 8.45053187294
33.4976092437 0.293195222657
33.4175288851 0.638008900592
39.2847591246 4.66497660713
26.642568572 9.02307140729
23.1763248624 4.15347106189
25.3642740577 8.19545843716
37.3582762046 6.29629188997
25.7861763257 7.31682972566
10.7923952782 5.27253962039
31.996416736 8.264275474
25.8146467933 6.76398870188
33.672662838 7.82385329688
9.23775059669 7.23686146456
9.19952699035 7.52994968087
9.41948935386 7.7417011641
25.7120165022 8.6915196572
25.234375 0.0
0.718545829428 7.18318450588
34.4931271985 9.46735708456
34.1709331633 1.63735995409
27.2776221809 9.69910442691
34.4974091841 7.59538375651
36.015625 10.0
30.0925634856 1.97659090453
37.1947126053 1.13062762562
7.38372366524 8.4798076248
11.5185730763 5.82155688647
0.637715479431 6.20234875755
2.47538195578 0.785293752991
27.3275690159 3.52046806861
27.4473245219 8.82798226594
38.4417157798 8.39252293594
34.8411456264 0.996778130145
0.241351228137 2.34375
26.3898993081 5.43654384156
34.6255366365 1.33941213923
36.8454668096 8.96858130323
33.9827097789 9.03917541584
26.8198311999 6.51054496377
18.1620414605 3.79494621471
21.8359375 6.2392578125
8.85994243512 7.67812638604
27.7466662216 9.70651837766
37.0417883473 0.262300088822
0.910791293781 6.67490948724
29.5225094623 0.240654022182
10.703125 3.5
33.8514343964 0.2861253891
30.859375 10.0
37.8152032272 4.49114949003
8.68466408925 1.57303425904
26.2251345994 1.65915888977
26.1102796358 1.93616801397
26.3330527052 9.47317870715
14.4659252753 5.18381266317
17.6243266114 5.70485115919
37.5256623413 9.74500493922
0.658681277227 3.19093628855
7.68868091655 1.15506066304
32.5358354804 8.74161442746
32.5465348477 8.27596220519
25.0 8.90625
10.5130558012 4.96510356271
39.3558867943 2.11529570565
31.5159824066 1.33342280853
9.02824416672 9.70561351817
38.7251813518 3.4407341378
21.5331835332 5.46540336537
9.58379315998 8.29290952871
31.5560254227 0.469358658894
39.711893722 0.236846917035
24.3476579776 5.03721989183
38.6564354943 1.40324808596
13.2800886213 5.87248430834
12.345991037 4.12508982952
19.4702402635 4.27840032836
23.1516474747 6.18645846259
13.7002509287 6.21715373145
11.9702402635 4.27840032836
22.6550886213 5.87248430834
19.845991037 4.12508982952
36.7057027314 7.89500417918
37.1740911986 8.14425678166
24.1796875 6.24448065316
38.3301996049 4.74445185537
26.8888552654 3.30369498947
7.82643177276 0.314096769409
0.677362235907 1.24901530315
0.235688849598 1.09375
0.739315567873 0.847820737937
11.640625 6.5
26.1686442183 8.71792779147
32.1781515885 1.21490908295
8.88579125731 8.95330480789
37.890625 10.0
16.328125 6.5
10.2794591523 4.45687720311
25.8133893435 3.78562083264
0.741731879968 5.31967470948
0.741731879968 4.68032529052
28.0091509707 0.678901533346
30.4349196749 0.546261569208
30.856114098 0.808783088612
30.9852094745 0.499245773117
18.203125 6.5
39.5753187663 9.14626484597
1.16726961899 2.34605090256
30.7910636255 9.7292810368
28.8356677494 1.12531207766
33.4500558996 1.17616405509
22.890625 3.5
36.9076737294 6.73642870113
34.0937105837 7.72089160909
33.9659312335 1.37147292633
7.50522202683 9.1514257722
7.20082892357 9.22766011976
7.7143307272 9.34474003063
7.57470792743 8.87596858354
4.58232308554 9.74296838202
34.7556862571 7.80006362094
35.01878626 8.15619591578
21.953125 3.5
9.67491987384 5.14940088361
38.7604831125 4.42561978931
3.22335993345 9.71881917196
13.4465798766 4.00648009684
2.7061810654 0.255945964106
1.30909594291 7.09236845608
25.6666582126 2.78617801971
32.608307367 0.824634422572
32.9292409578 0.58992271301
9.72822911299 6.4487651229
9.59015930398 6.14868041859
3.68304101435 9.3870077937
26.107445408 4.36286839155
24.5823140867 5.46519594639
29.1663266451 1.93799229969
33.2342554947 9.41248514181
33.4986428882 9.15150775996
37.982164653 3.95667523096
37.8157246607 5.52405123622
39.7216040143 2.86606941545
37.2442593137 0.806769399217
32.2719736992 8.24668133398
38.3649009448 1.3607492778
23.5605469447 3.77692938151
1.5193809955 0.315402377604
36.2537605123 8.69734321291
24.2608472111 5.75534424496
26.2890739099 1.18251764138
38.776201153 6.55015229175
2.48709419134 9.12697691709
2.35646235248 9.37188045027
24.2398887853 4.66847670259
39.3817473026 4.08653442296
39.2720334502 3.56988161539
38.9591553403 3.78179945936
27.0742145403 8.91117925661
26.1445822804 9.07603167367
2.95986958815 9.04343274913
30.1021524023 8.93808995288
26.2885835308 2.14327851992
28.2508670389 9.33924190731
28.6922534119 9.3913047535
28.6359277664 9.74929287593
20.5605146555 4.34550598616
13.0605146555 4.34550598616
29.0687978019 9.39927805999
29.154159391 9.70423663552
29.4876257152 9.23383890424
25.4144911799 6.21726505378
33.6231896923 8.67396565772
25.6950966517 8.02943288533
27.6953125 0.246181469648
8.90387049518 1.91878618542
6.8436915712 0.69464651858
36.6209701177 1.41458946809
27.2542151354 2.59826592467
23.3199496305 5.22512418603
3.90625 0.222653869672
27.1903159345 1.113758917
34.3649332648 8.62799933855
38.1297903243 7.19106345469
17.9891557115 4.30790266167
16.1141557115 4.30790266167
3.66541112693 1.01257058038
31.328125 0.0
18.4022899254 4.36042002388
39.0290504726 8.15063391006
9.72133740531 1.81787415797
17.9224992273 5.87650512165
21.661288719 4.14656885373
17.5339541554 6.22523676587
21.2921693209 3.77196465672
35.4768998898 8.9343627132
35.3589250119 8.42709930088
35.0554408281 8.70013919751
23.359375 6.5
36.0353169891 2.92978145363
2.47789348716 1.05616162918
21.7757629569 4.53004003179
5.04820642591 9.27322532733
5.09071779346 9.7444634449
5.15393498578 0.229232190397
5.15196057974 0.769946268899
21.0533409775 5.22984826566
29.3903113948 1.68823330297
21.0447891236 4.73704239731
14.921875 3.5
16.796875 3.5
9.04055719469 7.03578707347
1.04513038812 7.55101479549
19.8472933482 6.23011998951
12.3819443028 6.23011998951
26.5732156516 1.68346035734
39.3334332905 6.66983452937
36.484375 10.0
32.1542249902 1.73138172327
26.3113530599 4.78555023594
16.3150309094 5.12310717269
25.6517949167 4.63207134819
5.78125 9.76126668911
6.18493014422 0.640044687433
39.756041299 4.80311385259
39.7300815782 5.08486603224
10.0 0.21875
1.02624409018 3.66813125512
11.6579422531 5.27269441451
25.8818982327 7.57110260829
25.6442622597 7.71945776377
22.1620479586 6.23195789962
9.72655535733 0.922437868253
9.48830570089 1.37139751883
27.7307530459 6.92383563528
25.232640248 9.40501017241
32.9795228632 1.31856890372
37.5582977122 9.37854030273
8.28125 0.240404383285
38.4039332538 2.93325851384
25.1773559749 4.83190865191
35.4095498067 7.91027038771
28.2689808127 8.17607660879
19.8608559348 5.28436158892
19.8557800507 5.67421551796
12.6652814395 5.2242804121
12.3608559348 5.28436158892
20.1652814395 5.2242804121
12.3557800507 5.67421551796
36.2900188753 1.24266575021
0.279621386581 7.08341391886
19.6291196155 4.63048105996
30.7117849514 9.19715835533
30.407625694 9.35263861125
6.3360942751 8.98636317743
1.32479382743 2.8708154512
9.76392881563 1.18711531131
30.4976646041 8.48712035818
15.5355781962 5.90026642573
16.0529034904 5.87784723802
4.48496518857 0.242694851257
4.60344942015 0.751868263885
26.9336453341 4.12319282808
26.5688356745 4.33435608615
32.1224690427 9.51142205042
31.5848910815 9.53194981762
31.796875 10.0
39.0156225303 6.84743147208
38.4701129921 6.80920971967
25.3278102213 5.68026924023
39.7341138338 8.11568224095
34.5359257509 8.24261407071
20.3672449831 5.96386776663
12.8672449831 5.96386776663
37.4487544955 2.86693898384
27.3452796156 7.34260432227
30.3907841934 1.08067124495
38.9273349552 8.40258529642
7.03994322141 1.33760034614
20.5886282887 5.05322964542
26.9866424388 6.98671043492
25.5471616567 7.2019989399
2.34416149314 0.537898581174
2.8674209212 0.599992884492
5.80515732813 0.247193585661
28.4094170745 2.32350864812
36.0034910527 7.06615496182
9.16973658009 4.383202967
26.0480220749 1.45263454509
15.89408269 6.23029684439
0.223020368597 2.03125
17.3307843265 4.76846310224
19.1971910319 4.76589975332
15.424335436 4.75908201119
25.1242723881 5.50501950724
25.0 8.03125
10.4771899083 5.99576445513
9.07973103133 4.04045598065
36.8823959083 0.631169562113
35.1350085599 1.55610021223
11.1842955231 4.89259515721
11.6179168322 4.60481609197
26.5742775068 8.30711206622
15.0080931172 5.92137158066
15.1812634621 6.23543920741
18.5767867152 5.22512560495
18.8040803496 5.68314287733
16.7017867152 5.22512560495
36.4876066306 0.525496393584
36.3463851651 0.764982666574
36.0636264894 0.731541795073
38.0195300721 0.975241573972
5.31555095328 9.24625381863
34.4556530816 1.87356534128
22.4128612533 3.86879230097
4.51820828566 9.22305457211
38.4726455971 9.75123867991
16.7737885515 4.84335076308
18.6487885515 4.84335076308
14.851272431 4.76756239644
15.5692993164 4.28520130758
23.7577144012 5.50227568265
20.6177873255 5.50252027442
13.1177873255 5.50252027442
22.5410003665 5.52602413191
15.0705187081 4.45958567656
16.9171105149 4.47343467075
17.4442993164 4.28520130758
21.1942993164 5.71479869242
37.3341525663 6.64267076105
8.34004692009 8.20085710934
34.8347095473 9.08673063478
28.6795971756 7.82400342846
14.25128702 6.23389211837
39.0351025609 5.31615635949
25.4735710873 3.83978908398
0.267103152805 3.35752402667
32.7253102093 9.40789517228
28.1668819285 7.15286968861
29.702058699 2.33910476134
9.43437337237 0.8063759835
28.1100984065 1.23711776861
27.0466139574 3.04707734945
37.2911225667 3.52743953712
31.4212412661 0.24479539921
30.1061560493 1.25428407014
26.3655230857 0.274571617618
38.1850758199 1.67356845157
9.31540172746 3.23961771156
37.5474775133 0.756534594616
8.66448182549 7.32250193435
9.45142617028 8.69305216991
9.92877872836 4.4719220947
38.3149440249 6.30953287925
25.9350081697 9.58739299662
26.6951583781 3.80160992245
37.3904428 0.513234873669
37.7458021462 0.259795577343
28.6546544961 8.99781233993
10.2240215275 5.31519272567
35.6016975306 0.496998350302
1.21543745819 0.678277257685
39.2505069255 7.95499165664
12.9398848088 4.76973710035
20.4398848088 4.76973710035
36.3703717344 7.84154576919
36.0077235171 7.95414182537
36.1765410511 8.32116507551
7.9697454574 2.04673950364
2.34375 9.79604715196
2.03125 9.79604715196
31.6796875 9.77104546468
0.203759939408 7.65625
0.22927875341 8.00202815677
0.664705575617 7.81964625977
10.7519119627 5.5325463003
26.6544764693 1.99255712718
26.8246235602 4.35555241966
13.597669757 4.22088190743
39.2362567012 4.91975415235
20.3154876905 5.59888789405
12.8154876905 5.59888789405
0.539965483721 7.57768020214
7.8340773818 0.585390738829
5.81920130773 9.26500999578
1.50891177487 7.8933843191
38.6969956319 8.79729937387
30.3262002176 1.8702179785
2.45115356595 8.87004781504
1.03912418131 0.245861974331
18.8605202677 4.09104877363
18.4217096049 3.76135524123
38.4211758219 3.7479469854
22.2815427073 4.74030419434
22.79487351 4.61470027992
23.017386321 4.75176104846
33.0578447747 8.89141634285
11.1053668956 4.42653605185
39.0834676707 2.46896228569
7.6643254091 1.74167364881
19.140625 3.5
7.03125 0.20398955247
10.0367053171 5.95733207931
14.453125 6.5
37.3612741283 8.38030615724
26.7746237607 9.46214850558
26.8973446063 9.73904809534
27.2740699083 9.36177712542
29.9917023908 1.48256134461
39.765625 10.0
24.6990746652 4.04657150626
3.36670268563 0.599129962408
9.73544389971 3.12295144017
29.3678081857 1.08679328481
29.1711236534 1.41182866743
29.0423194701 0.913869579396
0.582846679704 6.67394383193
7.33924908011 0.599929568053
7.46720666832 0.262231309372
6.98020343333 9.04549154364
26.7056594617 7.94652583813
26.171875 0.0
8.91340771451 3.37601357929
1.16507444505 6.67654799071
12.578125 6.5
26.1708158902 5.93572308277
25.9280279086 0.567753964788
26.0397851511 0.232551426618
26.3304469071 0.651689830289
13.7082705675 4.72637696194
14.0295238892 4.80699274734
0.25376765125 4.00677401422
0.25376765125 5.86129785257
25.7890587181 4.88873325533
23.5607090179 6.24220773855
23.6143553927 5.8553911375
7.28190659678 0.925846877551
8.54125864074 9.75911527215
28.8220190263 8.47434160952
1.16334696535 3.22308899296
31.6556925941 1.57458964879
31.9499854501 0.529128317823
28.2861313758 7.74126811168
28.3672431548 7.36039820334
9.48489503526 5.65706004003
29.5343825968 0.737690630264
35.6451844027 9.44445139943
6.64391329606 9.19397816435
35.5950218074 2.16049425382
35.57663189 2.61346650647
36.724423289 2.25352062349
36.5688998896 1.76071642329
3.73019068748 8.78859574515
37.1656412161 4.54213445394
34.2234348863 9.1170113123
29.0220811202 8.96623999265
38.796795441 0.789933918741
10.4568717271 6.24761277501
23.8391901355 5.12458254048
36.1274625851 0.236444408461
0.593035222047 2.7004024098
0.729395158028 2.35079724557
24.0564948154 5.59164077579
37.8515597735 1.50619573828
37.4557022372 1.25949800506
37.3876673346 1.62199212488
27.5370519864 0.611208601094
10.1171875 3.72534193769
6.17423830589 9.40620717725
33.671875 0.0
19.0199278621 5.51936175083
24.5423374816 4.24389418195
38.7532688335 7.90006758746
37.9781231853 9.74092304319
27.109375 10.0
34.0219682922 0.481419002043
36.7408933561 0.983222927852
27.5895710221 7.57245030111
15.390625 6.5
0.231048071032 5.42673417325
19.2385059547 6.26687820523
13.515625 6.5
22.890625 6.5
19.609375 3.5
24.2608526333 4.18017925639
24.4066659701 3.73176148454
8.9419497155 2.42753190478
8.63223273502 2.74813685822
8.43461623251 2.52670225526
28.984375 10.0
11.7692638914 5.77234776195
11.8540255996 6.24507446727
22.1564794447 5.65578397842
37.0695087985 5.75849656014
37.5658494926 5.86703881818
37.9119785761 5.21980142422
29.9062647709 0.529299247874
37.8225971253 9.33447395227
37.0033292639 1.48832023947
26.7588358547 5.0674146661
35.2269197427 8.92677718952
22.9418725366 4.24128435823
25.8161919293 9.29435268664
25.9379317912 6.22872351037
37.3500277442 2.63276517847
37.0862223192 8.7252230514
0.210489093071 0.46875
0.46875 0.210489093071
39.4791309095 1.65206205425
39.7349873898 1.58065621875
1.17457518931 1.04377978878
35.9572851776 1.11166159758
27.578125 10.0
9.74650029108 2.61429223005
9.4466767204 2.75380729011
9.28811095636 2.39937815842
22.0035230504 5.2573773118
14.962559385 5.55851973872
14.9183503694 5.11431829536
15.2956847027 5.41676624828
31.1617822614 0.698843803626
11.4328542465 4.94449477287
11.1468216358 5.14373399707
26.06733633 6.79808990915
17.7849272072 6.21275079529
17.7204498291 4.00896736745
15.8454498291 4.00896736745
21.4439364514 5.99252000509
37.6957294903 3.29371013758
34.022622125 8.38102792999
10.030028225 5.47063644556
0.689735582708 0.600663966438
39.4543917542 5.57577334002
39.7282575536 5.58861947976
25.0 0.21875
29.037082753 8.14077196806
6.02786746205 9.72480747952
31.2997080669 8.82094372605
26.2364369533 2.63824795064
0.230942591228 7.40981913157
21.5500817847 3.75033810201
39.0223417495 5.74287997197
10.0 8.03125
25.9142738525 3.24523530462
28.3890655426 9.77629110308
2.10541198654 9.35418469041
2.08653630281 8.10207915738
39.5101081374 3.87376690019
37.621433094 4.33268305726
9.31021386957 9.38080935288
9.77715006186 9.45558319491
9.73188238672 9.14018665727
15.6951603517 5.70485432738
30.3119633246 8.7994579713
8.80944246514 0.648855941089
39.177419021 8.94198764761
27.9119206152 1.95939324392
28.2739599857 1.92077441604
28.2185470316 1.57245396161
31.0058729665 8.41470005044
32.3408584598 2.01009542374
8.36374490882 0.480910618867
34.864284328 1.27330506645
32.6366820149 0.283853089915
27.5121416398 7.9194043655
27.0757380114 8.16596388412
26.1493824667 8.10266848959
38.8639944589 3.23662736313
2.44733943995 1.925947711
2.1930101094 1.81629697973
13.9713154233 4.01586615216
31.4326876004 7.97749763766
28.4632672648 8.60336700217
7.96875 9.80391903858
8.1749956532 8.71525312932
2.4568930951 1.58496351526
36.2489152654 2.41845684659
26.23424882 7.59490765222
26.2259514548 7.18143826962
0.202333493712 8.90625
31.5386588523 1.79164052871
2.03125 0.19758177533
21.4537932206 4.93428993275
7.59871421173 8.35894877468
0.775578217495 3.5154663854
9.77840847026 8.140625
19.5329039549 3.77842885456
35.0890884985 0.501748296197
0.198125680449 6.40625
30.8030913796 8.72302406768
26.4260354913 6.44934150135
8.79851366842 9.34148796954
28.1049640743 8.41803284433
14.2580784278 5.66884407325
26.0150954061 4.12248567772
37.2369185622 4.01534455245
39.769320886 1.33285627869
39.4574470054 1.17311391835
8.40602878388 9.17420340167
8.04407695218 8.9881759857
8.53578567351 8.89515808391
38.8850760664 1.31393430688
1.9774405096 2.06915609764
39.0827482219 1.72335544529
38.6809416024 1.75608487877
37.9888944535 8.40664874187
27.4145850626 2.20564522624
37.8995352202 2.88364368425
37.6971306169 3.02339611409
20.7840505026 6.22166154565
30.5432815046 2.13339478957
27.7363412412 9.39452001386
26.3871194196 3.08208303693
38.828125 0.0
24.2004605091 5.24274738381
3.35670879065 9.36341725282
39.7512749015 4.30761256428
32.7925904978 7.95891938052
32.9534078102 8.1751143893
2.85470738463 9.27360935821
37.393815338 7.164551947
0.193138097868 2.96048344034
7.22902132907 8.67428515895
3.84775771229 0.663730709461
8.20169904584 1.29951932668
8.08064649171 1.03527436186
37.6431465238 7.98204012207
35.8984375 9.77882388767
4.08517498422 8.88959748571
36.0170294227 7.48294071397
27.8598449363 7.99529357935
4.30580170774 0.482354197681
37.2484665348 3.05434535779
36.1204652813 9.42435734966
32.7545808373 8.62305638693
14.5266526152 5.56443167944
11.640625 3.5
16.518713099 4.40076237748
22.3379831645 5.19087506177
9.2494543566 5.34760448853
37.0774034655 9.46779482504
39.419484248 6.030524203
10.0 9.78125
39.1033250591 3.27388897804
29.0922213049 0.218693353604
38.5350311939 6.57561776853
0.994499757533 9.76248236164
25.703125 0.0
25.5862257903 0.224838957534
27.1532650115 7.80513072353
11.1605962542 5.68427364903
16.9140625 3.71155266282
15.0390625 3.71155266282
28.4596035762 8.84879842788
8.16420182874 9.51208998476
8.54638232728 2.10156311388
39.7945608762 0.476487150697
9.77831350516 0.328125
37.7970887396 3.51352068817
38.0387682898 8.05011263376
32.0397242457 1.41301852283
32.5108623457 1.45150260562
34.8289985419 0.755147175314
39.8076982362 2.02170763177
25.0 9.78125
25.234375 10.0
25.6795637309 5.94848246342
36.0487154552 1.96588126663
27.6899883978 1.36153262244
37.8433915773 7.33456691766
0.696821682481 8.99292076893
13.757229553 3.74157869131
39.0515435516 9.64902636937
19.2980276206 5.76207838118
1.27483404923 7.44071425679
39.8102174378 9.21875
13.046875 3.5
20.546875 3.5
32.8698674251 9.75911046855
37.8312833715 8.84182101771
11.2285987464 5.37323647383
39.1610466211 4.20403350075
28.5751803265 1.22323860321
39.4317292623 0.698014474278
25.7209580824 1.26364056401
37.1991888849 9.75244714632
12.6941008856 4.7841328548
20.1941008856 4.7841328548
31.1817925641 0.223674496357
35.6245212492 7.80027472554
8.80331196686 8.49492635374
9.12433429691 8.3662498122
8.6890319674 8.16028379576
8.43308529774 7.39233078894
17.150645146 5.94159015143
32.265625 0.0
25.2173964617 8.796875
25.4802736847 8.58719649909
25.2152471425 0.559350296735
19.2393958467 4.3447268218
19.3494587534 4.07079451116
0.226831518572 0.226831518572
26.655021782 2.84762833434
28.3888075961 0.826001378227
28.7903356042 0.807307950893
26.3778826077 9.1481030398
13.6474628251 5.67679307137
10.9268362121 6.25514367381
39.2597397419 3.00534191089
39.4654123496 6.41004193951
33.7281809742 8.07732616665
38.2780565283 9.02208146659
25.2795111017 3.52011458449
20.078125 6.5
30.1456905495 9.76115182263
24.7286521675 4.832185057
24.5685258035 4.55365434922
18.1407322798 5.51010252349
37.3793690892 8.90405049856
13.4687176793 5.39088873327
9.4650299091 7.15110308623
9.58989399048 6.94534444467
37.9951363395 9.50143278367
1.95675813522 9.00988605121
0.859515144302 1.62461221145
30.2502818473 8.07269440909
30.1148596685 7.77524851616
30.2872445261 8.3163437598
33.064811714 8.39359512131
18.2663598852 5.16910517409
23.0082694292 3.71150474289
22.7510057714 4.04825475748
36.4592610321 2.5378168189
27.680585477 8.65591558804
27.8258427392 9.11171171517
30.588509889 8.98790879058
27.8518394049 2.73631105207
32.0160620835 9.75059930477
32.0205200393 0.762130432813
11.3316714276 3.98249227401
36.6629112906 2.97816643726
13.0067051947 5.13918001567
27.9274868538 7.66909538317
31.9230922085 9.31407209999
17.0447644789 6.25767880343
9.75279759806 7.84245180222
31.7429836925 0.939563628602
37.915970612 0.607964227545
13.9364058256 6.02582402895
37.7046364074 1.69286081613
38.5004490254 2.21669346526
38.1828064253 2.57613881342
38.1646287425 2.16578428294
13.3784553601 5.03623719944
0.497023071649 6.98869437048
0.547598510892 8.65962978376
9.06827274944 9.11147019662
36.4087813974 6.76138940096
15.4935195331 5.28608829218
17.1266732425 4.93888117631
19.0016732425 4.93888117631
33.6766316291 1.1052500107
39.7515291906 6.01577584347
28.54411745 1.5060652867
18.3671860396 4.76818207702
16.4921860396 4.76818207702
32.1200459941 8.47494390752
33.9617514652 1.98969246481
34.0937105837 2.27910839091
39.4940098518 5.11033301917
14.6573203393 5.93960900142
25.4108167642 4.64433943242
3.19588778776 0.244489958387
0.936027324366 9.01675612025
29.0490657432 2.32200807126
28.7090024044 2.12163413508
0.177073389362 3.59375
38.3845565306 4.16846725884
38.1290870776 3.77026989
7.86536735014 8.50742973241
8.49076085417 3.05565896269
27.9900060535 2.31878056144
28.9368439711 2.63282809187
27.7781267578 8.3221996014
0.176646930705 4.53125
1.33951776525 9.4792894202
0.888369230229 9.45302369465
25.2446916419 1.29645592527
22.8927282566 5.41265682691
35.6528694816 7.55744309156
29.8494741544 7.95834573241
9.7927185364 2.05391501676
32.3693373873 0.77000287746
38.2816036507 4.51091994921
3.16105011421 0.484569504099
29.9477805207 1.79010850024
29.2663050562 8.25067472009
0.929758325621 2.79642911723
36.2042358968 6.93587090816
39.4151258962 8.5019440427
26.4060606247 9.69627742845
14.445142006 4.44442882363
37.7530331032 6.29446204153
35.3120073146 0.234867728918
30.6239953762 0.235831329161
27.5111391611 9.76639532796
0.70004725747 2.10682396068
0.451851325379 2.23073271421
38.7638124753 6.14987333768
33.5229915957 8.45720830195
12.1077301789 4.58308151807
27.0511431442 7.59219548619
9.3129077661 2.09819581356
9.48413052088 1.81332785273
16.0933860906 3.73538106285
34.3752371256 0.235140294056
34.843728906 0.235337437313
29.453125 0.0
36.953125 0.0
23.359375 3.5
24.765625 3.5
36.484375 0.0
31.328125 10.0
34.140625 10.0
21.015625 6.5
18.671875 6.5
11.171875 6.5
35.546875 0.0
35.546875 10.0
30.390625 10.0
29.921875 10.0
13.984375 6.5
33.203125 10.0
14.453125 3.5
16.328125 3.5
34.140625 0.0
30.859375 0.0
34.609375 10.0
32.265625 10.0
35.078125 0.0
34.609375 0.0
13.984375 3.5
17.734375 3.5
15.859375 3.5
21.484375 6.5
28.046875 0.0
29.921875 0.0
30.390625 0.0
19.609375 6.5
12.109375 6.5
25.703125 10.0
26.171875 10.0
11.171875 3.5
37.421875 0.0
36.953125 10.0
31.796875 0.0
28.515625 0.0
26.640625 10.0
28.046875 10.0
26.640625 0.0
20.078125 3.5
12.578125 3.5
22.421875 6.5
13.515625 3.5
13.046875 6.5
20.546875 6.5
23.828125 6.5
18.671875 3.5
17.265625 6.5
33.203125 0.0
23.828125 3.5
10.703125 6.5
21.015625 3.5
39.765625 0.0
39.296875 10.0
38.359375 0.0
10.234375 6.5
15.390625 3.5
14.921875 6.5
39.296875 0.0
38.828125 10.0
17.265625 3.5
16.796875 6.5
29.453125 10.0
35.078125 10.0
24.765625 6.5
33.671875 10.0
37.890625 0.0
37.421875 10.0
38.359375 10.0
36.015625 0.0
24.296875 3.5
28.984375 0.0
28.515625 10.0
32.734375 10.0
27.4970768464 3.34746026281
8.80359555898 3.11574496758
10.3440094971 5.78614633678
3.38603995607 1.34472895848
39.0525799634 3.99651265576
1.51449560733 8.84258651025
23.8496365285 4.42346607273
38.0965883727 6.71984700886
39.8262477114 6.40625
24.9913412477 3.73401407525
25.1773844879 4.01914048327
8.96385274331 1.13292264508
26.7879555507 6.75162266582
6.84788968853 1.17991179694
39.2127292646 0.783150837328
6.4444309839 9.79450883557
30.7207043235 8.13876599665
21.8844823497 4.82640453545
36.4088847793 2.06784769212
2.67188037534 1.47707426624
9.86561295056 5.7888611879
13.4363722757 4.58233121648
37.0221292406 2.99357433605
2.1492616539 0.683863444108
24.9844604229 4.43910097476
38.2714189656 5.55118787331
38.2244126027 5.23994954308
34.4731292788 0.452990781712
0.558269934657 9.773008877
0.182060027523 9.53125
0.252667371785 9.76412584942
0.629807330523 9.46829805459
33.0486621669 1.81243737162
20.9098627289 4.13870464839
27.1759902861 3.75156612231
39.7831190031 9.5922174798
21.282440295 5.1858492173
10.3379357005 4.81050921182
25.8982126831 2.3926982551
39.0560816859 8.60757883404
22.4891126106 4.38940355309
27.2818052565 0.678750844204
14.448638181 4.00805667385
2.13575199818 8.50439046989
10.8203125 3.70900877412
39.8170340918 8.90625
39.7339283346 8.67300792156
10.7087703256 4.17402229284
11.0545492619 4.01212424163
5.70168560482 9.52916763451
1.29021037375 1.81254835355
1.81254835355 8.70978962625
30.1589951853 0.305334161292
8.57064102364 1.19100413855
36.7321007603 3.69686811998
39.1412964763 7.14452078309
38.8762262751 7.03653021587
38.8455021567 7.48170160771
19.8110826766 4.86836633013
12.5692742178 4.48314085981
20.0692742178 4.48314085981
12.3110826766 4.86836633013
8.78859574515 3.73019068748
15.3918706148 4.52772118047
21.3185397452 4.31640035884
8.38628300253 0.862053153992
27.4544684543 8.24157449637
0.589618733796 1.78451889574
39.1484743225 2.01115789229
38.818756793 2.11525327931
31.6448810943 8.5537722554
24.8689658138 6.22868734346
1.02931408934 0.86141775433
0.231048071032 4.77073092659
39.8115710354 7.36373287752
39.4960425812 7.01389878092
26.9644512852 1.61302069255
25.2285621684 6.41075521586
25.5827666184 6.69661348197
25.6915219785 6.42977077836
38.815688515 3.97141997795
35.160885818 7.9745014734
8.04504236763 0.222947453479
10.0 3.28125
10.5098449108 4.4776398312
10.7334827435 4.88275655211
26.0348100589 5.3105861202
25.8318538838 5.6817692747
25.6160758871 5.46912309684
36.6290561532 7.13386983522
25.4531282102 1.49832673308
25.7000276383 1.73853882835
25.209100495 7.921875
33.4978797478 1.89055599136
29.8368832547 1.0422058689
30.0669885124 0.756114735341
22.0703125 3.69849278264
24.8839198172 4.19278433838
32.9269374087 0.826376389709
38.038889979 1.20494723304
0.168357332048 5.15625
3.57364164946 9.80778887305
24.4082517543 6.22253442891
21.2529939931 6.20494348992
15.8540208917 4.49096380808
17.7290208917 4.49096380808
28.0265176743 7.33427524042
38.6046063942 5.49954446636
8.917183383 2.65563723149
27.2321946056 6.84839214419
1.16011294985 1.52055434509
9.79324193708 3.39977668864
9.49087382098 3.55439752971
1.66257490112 9.16876471824
17.3673471025 5.27758548054
29.4458378305 8.98508702469
6.0372321109 0.212418294279
39.1186324848 6.09405890268
24.0853306051 4.03433933808
6.74975039477 0.199268019943
8.65792373965 7.80005877336
9.50215441007 3.0975096284
31.8863019612 2.00388551895
35.3006866601 9.30411880418
35.0778222756 9.41541386648
29.5396339812 2.17303480457
22.2801612891 4.11720348894
32.3408584598 7.98990457626
29.5550233135 1.22102719095
15.6992973845 5.09781268845
11.6888355163 4.38345513097
8.97086916516 3.59534340285
26.7140122202 8.48958883282
17.2060128013 4.10927832575
31.4326876004 2.02250236234
1.13183707902 8.89680065527
39.8358722902 3.90625
18.2099010049 4.22262691565
39.7761398266 3.49593656438
16.3481608812 6.25969510579
18.2238369449 6.26001119891
7.17942303523 9.46284221086
32.4222375473 0.546374584962
16.9966621721 4.19531621066
32.7925904978 2.04108061948
25.4735018114 1.04320412623
25.198154277 0.328125
38.2176666134 3.39718076535
25.4454767291 3.35559204464
10.5859375 3.69279297061
29.21438199 0.621216034818
3.59375 0.162319775208
21.6760192193 5.6541692516
37.5323149434 2.12578459237
10.0 8.90625
26.1370505017 4.59583682469
35.6099986013 1.21454125719
0.528225224269 0.761614456475
1.9128309551 1.1758441714
38.1845881743 7.55267827831
38.4999569413 7.52705934473
25.659599361 4.26436605872
37.3668948435 6.06952898708
14.8601672768 4.54186633346
35.4705185988 1.70384420124
1.13368060456 8.39882831093
27.6172909902 1.00406694533
30.9837741689 7.93420831112
30.9837741689 2.06579168888
9.0446962714 8.02726507528
28.0006950573 8.72698997005
5.43207911328 0.560914326841
9.80332376832 8.36930458243
35.357681441 2.01306592496
0.937930721627 7.10238566349
24.1292459253 4.4601285046
9.66604933913 3.84538028361
9.81575941913 4.14906565075
30.5961799055 0.769892008518
38.809982072 4.64436931367
32.1134721969 8.97016421102
32.3674493566 9.17766188661
29.596299397 1.77929153246
2.90994613159 0.820341999324
3.12940308891 9.51215787981
9.21509937879 9.83305670161
1.63047834643 9.77545327191
29.5019212284 8.27561304259
9.26761183367 6.24189988415
0.167314030077 4.21875
28.480692398 9.2878511979
17.2739943715 4.54960806879
19.1208284699 4.54554653696
39.8403383918 2.34375
5.37743000268 0.779886334877
38.694459981 0.560628146557
35.553945468 0.720711192536
33.7163319595 0.756718738329
35.48253669 2.35437380451
0.450575327906 1.22415250382
28.5778422077 8.13044307289
11.0455988165 6.06604496061
24.7725979939 5.33280915229
11.8689730315 4.07947522537
33.2377548813 2.09658435308
33.2377548813 7.90341564692
37.1354440324 3.68716638197
36.8833505429 3.36097188307
35.2395497338 7.28106775425
35.4733518521 7.41410010876
35.2441919834 7.50382583356
9.78582349735 8.7601388391
9.0492762779 6.19162782131
1.6926452291 2.38092634026
36.1451263 3.32793246072
36.2076790443 3.08310096725
9.10610997705 2.84000237045
39.8417199392 2.65625
26.7004247131 2.38251689024
35.1060116161 2.1003760799
35.1405398826 2.41742777568
37.5555464563 2.5252652419
27.0281444217 5.88432274508
39.8147037051 6.69377374652
25.6698126214 2.18953431363
1.00075386165 1.97723876327
25.445859149 1.96555092643
35.9005380332 0.882576577438
25.8865883695 1.9172704406
38.4802291931 8.61430259004
39.8206736656 7.68177128129
6.70191264906 9.41887204979
36.3817855601 9.46157372368
36.7052036248 9.37823377755
36.6015625 9.80462318572
6.82317190597 9.76588618752
6.48304439601 9.46159921433
31.1777644253 1.52878037737
9.48658121745 2.28228528174
23.4395050376 5.41668388175
28.4089579861 1.07131270171
30.5432815046 7.86660521043
4.81546328107 1.00853164741
26.939622631 7.98529033698
26.7778976426 4.80070662594
26.3630753392 5.00741008666
36.1843127813 1.64931957302
35.8984294885 1.52713157502
35.7747923281 1.81640547356
39.8407749449 5.78125
18.7198083773 4.46419607158
27.9959932735 0.900352862137
26.4811142843 7.0624676268
26.7974345169 7.24608815902
14.218400249 3.72579875167
12.0561381178 3.72807639052
26.5791030688 8.80994980789
18.0484446567 5.05854930221
11.9715840336 6.03339426126
16.8763911634 5.64603274815
9.77589925733 7.36984600039
7.92076603295 1.56523803707
7.55207044098 1.3281855408
34.3639739749 2.102113346
32.1871611117 0.908419637966
38.0633107389 7.75985882792
35.2538100273 9.78340441313
39.3887628805 5.36313339755
25.3116881096 7.38149281982
34.7594501259 8.31420922304
21.0179107708 5.84665715871
37.781797202 6.51371631793
27.4483880324 0.224687688783
27.1174266491 0.512592854632
3.28455087375 9.15543583164
10.0636099805 6.28019544558
10.0 2.40625
9.28804256138 3.94733764163
4.25687701072 9.48232873558
3.99789649664 9.77585935557
8.32444669291 8.46776779621
9.23791674647 8.64249469065
28.2504791995 9.60608283781
11.9815238485 5.03145379772
11.7882327807 4.74753749048
34.1327959901 8.58903644192
33.672662838 2.17614670312
26.5083068375 4.68892828427
19.2335965394 5.26915235692
20.9322004668 5.41914360827
37.3349204626 4.69300389569
6.95319672337 0.884366091474
28.9515743681 1.88715066135
25.4551166061 2.84346049114
25.4376779675 2.40613178864
25.2188097803 2.62505978847
25.2187802395 2.18746976043
25.2188218938 1.7499876
10.0 8.46875
10.0 1.96875
10.0 9.34375
25.0 9.34375
25.0 2.40625
25.0 2.84375
25.0 1.96875
25.0 3.28125
25.0 0.65625
25.0 1.09375
25.0 1.53125
25.0 7.59375
10.0 7.59375
25.0 8.46875
10.0 1.09375
10.0 1.53125
25.0 6.71875
25.0 7.15625
10.0 7.15625
10.0 2.84375
10.0 6.71875
10.0 0.65625
26.1056690993 5.01590246064
25.9194496827 4.62019501464
35.0033855686 8.917716479
15.638567097 3.80681908813
17.513567097 3.80681908813
2.48020097563 9.55296937019
9.00447702434 0.213359972824
27.0379523323 6.49639320332
28.1629276957 9.13911398963
25.9220226546 9.09740254381
0.558798158863 3.83874435604
10.8087621415 4.60690523308
39.3960465031 8.99780572237
6.63390379987 0.763441437407
6.62813905229 1.14331335025
9.3632331843 0.461375147537
36.3187026884 7.45781905362
35.2229628713 1.35239115851
34.4617553641 7.8110622376
1.98353819825 0.905686582489
1.70300302001 0.775989768036
38.5340726777 1.22144810511
36.3671875 9.8162686863
25.0792255022 5.98525179328
23.0101902734 5.65180647187
31.7839629845 8.19482654458
1.43008015543 2.10478911602
18.332051641 5.6137727518
23.8381291839 4.09045319468
16.3151612582 3.97802352615
37.738999477 9.79668677065
0.21793497601 2.5721064653
39.2529327862 6.46551880299
10.3323316147 3.69408389203
30.1148596685 2.22475148384
2.69044000899 0.732923008433
7.65625 0.0
36.6179411899 3.19521896787
36.6449092036 8.55489076808
39.3848573996 9.42013510003
37.6208883818 6.7257453145
24.4584325 5.65109973165
22.9389362591 6.27479797359
38.0563896644 5.95014089445
37.0489580992 7.94322819948
0.444657853955 8.02600350086
35.5713377303 8.64634584284
35.7978665487 8.57897173835
35.9488405368 8.74969447271
38.2421875 0.18168921962
38.5122627116 0.204715453978
38.182414335 0.506118798298
38.3909644596 0.583603717635
25.2163109693 3.06505791676
0.854489094963 3.09292301177
1.0951525964 3.4281641048
22.2868898978 3.69251783664
16.2870099546 5.52142462148
25.4354527543 7.66382576039
28.2997432015 0.227139694813
36.8386638233 0.184825610059
23.9674051248 6.30175491721
29.663505955 1.42838845644
11.4387529893 4.17536450784
36.4896433559 0.933263483403
9.46553029421 9.79540414888
29.4200948268 0.553863383984
36.3799168984 8.24770261451
28.9701554021 1.5009160315
39.5328460676 4.2533439112
5.3777422371 0.214587081302
38.9081100225 5.13263290402
7.88905364312 8.05974574922
27.2265625 0.186517396044
5.65174147278 9.1301384082
3.57941824116 8.9477868999
3.05565896269 1.50923914583
37.1578699832 4.85082309391
0.503496620607 9.08947280224
26.202886994 0.981329003389
2.7130493233 8.69166236589
31.9204700458 8.79642202421
24.6469994957 5.99484428298
27.0740522673 2.71494984709
8.16214171604 2.19192313424
8.19547628053 1.74836949832
8.42099603453 1.90218937349
33.3378377811 0.991176700742
38.0836579276 6.19245802544
38.3942087175 5.88795727231
34.0400177919 7.9286117383
3.0275095072 1.29344065743
17.9527298923 3.72130807556
27.062803327 9.29455635497
29.0273038348 7.71796215558
6.40625 0.0
30.2248072759 9.23097847316
38.0064772442 6.91552558422
39.1836904019 9.81788585375
0.212573499112 6.62830700979
24.8546052488 5.76552952184
29.8853938528 8.95463022455
26.4486127303 2.60498980398
8.99146835259 5.18453671893
2.23358425564 8.86607181892
8.98198980353 1.41813952643
27.914576838 9.51699904642
39.507685372 6.79469781829
9.70305005152 5.36357479207
37.2084988833 5.07537564263
32.5522449934 8.95571121446
35.5718420727 7.09486412596
31.6719441981 1.18704154397
31.3173301729 0.929193548673
26.3229280518 5.78319860023
33.0821856406 9.81269599823
1.33229113994 9.25573924917
23.9453125 3.67781665881
23.6478075487 3.9744689288
5.29800031458 9.69356047424
20.647245787 4.82346081897
30.7119882234 1.5986783087
30.6187378051 1.9310009985
30.4794279745 1.52310283559
1.74051479554 1.92626013837
1.88505293778 1.62063212586
1.61713034015 8.09605509857
1.98457994344 7.90686279741
1.92828911685 8.25914208163
25.3515625 0.178997620347
34.2059278905 8.14738646102
39.2415982227 8.16806697904
17.8419762164 5.2841997877
17.962818059 5.66229298024
1.07290452198 9.33221680728
34.8804134655 7.44836973674
19.0592432144 5.98349829969
9.02015868059 0.57730602961
12.847912253 4.344792357
20.347912253 4.344792357
37.4087012407 3.34932248075
38.6377904282 5.81124595594
14.0724016879 5.78330309864
36.4628054963 3.34323595576
26.8572649947 5.29818254535
1.00984859591 7.99421980817
1.19042316449 8.12145399436
0.807870314571 8.31862500458
26.7928487948 6.17981324944
27.0961069343 6.08828747225
27.2130713834 6.27061704194
1.00727579299 2.4868805998
7.44648594507 8.68850336718
36.0090224659 0.523514235185
29.702058699 7.66089523866
9.18389846944 1.48825650416
14.7104022995 4.36742610252
39.8299301022 7.05874811287
1.06078715753 1.22192567113
31.1934885249 8.51248783556
34.8206151148 9.71377712477
17.6099835737 5.49416100448
8.79152296077 0.208913962969
9.08668839586 0.794237440306
20.2578302629 3.95701112822
12.7578302629 3.95701112822
26.4474497922 0.472382053701
33.1963482553 8.73203998528
38.6408084039 0.932233167241
38.33159203 0.794939553071
34.761578899 9.29538657722
34.3950304249 9.28019383781
9.36292728817 7.94757362136
15.4109479017 5.71513627961
1.05964388623 8.67447769828
4.99104410112 9.48323493522
35.1570502223 8.31774590121
34.8613916348 8.61160514557
25.5514013611 0.842095548714
14.6417736286 4.79076715997
20.9489564229 4.5497814267
29.3359375 9.81947335043
35.249882017 1.03202432451
35.3416596505 0.703614480883
16.8300358203 4.02449109031
15.1202158875 4.15448417184
15.3401737304 4.07250649984
14.9361939723 4.03108385659
14.7265866457 4.1104935836
38.2446156891 9.40464039378
38.0533684687 7.38760350574
38.0702964478 3.01402213209
37.9441390945 3.36115410243
10.9995221657 4.22115321604
25.2046234298 5.30792474818
38.9399366971 1.11104495095
38.9134203289 7.68056722794
9.28995046972 3.62881739011
9.90935888839 3.69027951577
35.7013736914 9.05184798739
32.7403450943 8.18670101986
39.5262096231 3.43017567666
26.0603084521 7.71210723947
26.6944435079 7.67775052655
7.0008088671 0.552797316496
6.643329431 0.497742060592
34.2450911223 7.86581197691
34.0234375 9.82024255377
35.5718420727 2.90513587404
33.812451741 9.81077385664
26.2232991666 6.39577130673
38.9573115473 5.52038527231
33.3203125 0.173316471605
33.2194597139 0.559183977508
33.0859375 0.173316471605
36.1063902269 9.81027588829
25.7371771336 9.51274122642
31.3630654014 1.18970929246
37.9895073478 2.68601254425
36.6832411983 8.82179018981
36.4639044283 8.65917284658
36.4181448687 9.07479383359
11.6294125188 6.27383131787
34.9792761537 1.70950263119
34.6609175248 1.54551320045
26.4764472606 6.84835693892
15.3099351814 5.18244117632
39.8287396564 8.30824888083
35.4857495367 8.25804829573
4.68688072367 0.297466869703
39.253207149 2.59022582338
34.4974091841 2.40461624349
10.6816666822 5.94558900602
4.05755978849 9.11655493988
26.9917254705 8.68253918422
27.4132274448 8.61275618917
33.3747146187 8.06061642436
8.69165062069 0.476549869281
1.54800383042 1.457813834
1.56939860091 9.57514789295
16.4920405891 5.85967810813
16.3215305935 5.99708027708
16.699021848 5.9051794301
18.3670405891 5.85967810813
18.1966029334 5.99707159466
18.574021848 5.9051794301
36.084522454 9.21922399919
17.9252240487 4.8888177482
39.7826754767 3.07953448895
29.1774173357 8.56972545249
37.0914302626 2.02554709356
27.5806668722 2.07862569068
27.3881747116 1.74282605109
21.2122294501 3.96404149325
9.31222262221 5.79052288958
35.8964678136 8.97953259224
8.60707914174 9.44067046907
0.521683303217 5.10718957171
30.584202554 9.66176644012
1.20782509367 9.78918701462
10.6496823093 5.1215867011
39.2623588731 1.1015594738
39.0458925076 1.45702364792
26.4387461823 5.23445763832
17.5581151538 5.07592634265
1.05885818394 6.48876125283
26.830438147 3.04022056093
21.9880139522 5.53432095509
39.5037128074 0.208314846524
27.3371883653 3.11765571271
28.858956401 8.83805177203
28.8364785737 9.80934697208
1.40625 0.0
1.33661424023 0.202968044446
31.3296026954 1.79488999595
19.4897627932 6.00384319592
39.7980976527 3.70224456926
21.9523007051 4.0235051189
9.81520534614 0.532700756742
7.55266056005 8.074052289
38.4789547987 1.8357015102
0.510172645671 2.90051546346
0.950332955094 0.436868153946
1.43125999338 0.687172640084
38.9712342196 2.8447400634
4.44796424544 1.04258544804
21.8359375 3.67339566527
37.7218237792 7.5207942396
38.1366635343 4.82561548172
31.964917439 1.21436514668
10.953981954 5.6884620086
34.927585771 7.96454240851
35.0436645185 7.57496456471
35.2494482372 7.76650904457
23.3468595634 6.28270914245
25.9776791118 9.79344632288
9.18796388546 4.6024740628
16.0933349649 4.52006082685
17.9353928641 4.5078640734
8.86363691416 6.92762646659
9.44775157542 5.94615260197
8.88959748571 5.91482501578
9.11036885531 5.84282465654
29.0598330786 0.434473877512
16.5917524302 6.28982710223
18.4667524302 6.28982710223
22.5390625 6.33067922413
13.1744628568 6.32348110091
12.8547623463 6.27882326376
20.3547623463 6.27882326376
19.9505371432 3.67651889909
12.4505371432 3.67651889909
18.8361882492 3.70193667138
12.7556739124 3.71109712009
20.2556739124 3.71109712009
18.6599861557 4.04422598459
20.0418754857 4.04654872916
12.5418754857 4.04654872916
13.0767369678 5.95375947908
20.5767369678 5.95375947908
22.4597653791 5.95337209676
39.3381017743 1.34229322467
31.6889329961 8.98447963332
31.3440619349 9.16209330504
25.2814313958 4.37277561801
38.5141004853 5.14622160647
9.37401407328 8.88851547812
32.3828613636 1.27926979333
25.5023486666 0.608083608255
37.5418912986 8.58993711127
3.04012524068 9.81251586985
24.4084403242 5.28947032708
24.5780668718 4.97688663835
24.7981780286 5.12047109681
1.00853164741 4.81546328107
1.00853164741 5.18453671893
0.805962289758 5.11554604298
37.7621175365 2.51998022817
29.3082991947 7.52449294519
29.3082991947 2.47550705481
37.2335418438 0.358370966261
21.64196849 5.01926899195
5.91482501578 8.88959748571
16.4601348596 5.63544187909
25.1840994219 9.00143177669
39.1791528116 9.46197234378
39.5224748822 7.35906200751
37.36740075 7.68485843602
37.4376228066 7.48403368494
39.4073364077 8.29395975959
9.79547044461 6.96878805146
36.3101167584 2.90381786759
3.27088875605 1.16322646946
37.3763093002 1.8266782907
37.7215930655 2.03577002411
38.5112946358 7.78521202553
38.2317049483 7.97135056536
32.3322294596 8.71133828296
37.7412724953 5.33314661674
34.0295721296 1.79169555396
35.3467920802 9.09922441182
14.8356348268 3.68600564714
16.7106348268 3.68600564714
29.9682430338 9.41323345957
29.6933763504 9.25098770042
29.5480059106 9.43127658325
9.52045249501 4.24768173121
32.5799654484 8.49182191686
9.16471299379 1.69293045377
6.53519483504 8.91953554389
6.61396004393 8.65527104152
30.3614854131 9.5553287927
17.0818124074 5.46721910665
34.0225107475 9.25135567004
20.914519306 3.68520522278
37.6536651459 7.12255060352
3.56354055301 0.540290151828
36.9899237019 1.6921966774
35.1742481124 8.52701216971
14.9889136578 4.92080236166
17.4740547088 6.02905386704
39.822016082 9.79815268649
22.5138992231 3.68675549163
0.747186617646 6.54957613233
11.5647016932 5.46587628828
30.116054545 8.73104607303
8.78859574515 6.26980931252
38.4983691546 9.04788487522
8.14661862667 8.27694968669
8.30208040634 7.99690053411
8.10841934661 7.85292837703
25.7176767545 7.08121629832
29.1317137955 7.96047943512
25.620198317 0.433075223226
39.2875322312 7.52403052869
0.749930109894 8.61493324496
10.2723083965 4.16283182291
0.840613839878 6.18246633116
28.2499453417 8.84604423814
11.5907223992 4.81025203858
30.9836484579 9.81852892022
0.715434881018 1.04951379698
8.75850425025 1.09141376084
29.7216367213 0.301047007167
14.6375591083 3.73010859891
35.5951595958 1.42433883903
23.7969953746 5.94862140703
8.78008537434 7.49049055228
8.99154251124 7.49176333295
34.4144269652 9.66505069699
30.5253272977 1.23256944631
39.5317564582 2.00622319936
8.67621622066 2.95137866258
23.5657537681 4.44364392316
38.2633605352 3.60508942793
9.93239074576 4.67468176835
26.992857129 1.40753970991
9.18142379925 6.81961522925
8.92258420875 6.54954098924
8.65527104152 6.61396004393
1.21140425485 6.26980931252
8.83415986907 9.80085832919
1.30199318041 2.49795302516
1.11040251429 4.08517498422
0.932807360973 3.93226054674
27.900722852 0.192978491081
28.0143609632 2.60651366862
38.0078125 0.173350263942
27.6830247442 1.56746066176
0.199883616234 1.82698691767
30.0737326552 7.97352364459
13.2163969777 5.67906721979
26.6915214543 3.34725062567
28.756846276 8.01173097776
30.8499609793 1.01183498838
7.6584228996 0.690390155179
34.8804134655 2.55163026326
31.4993135249 8.78908387727
28.3122987365 8.45621410737
27.65813031 6.73530672818
27.4501658343 6.59488476801
27.4501496384 7.03454125771
40.0 7.96875
18.5516812283 5.42599807895
16.6766812283 5.42599807895
29.4367167503 7.79217776078
14.0120379768 5.03221720247
14.2288833778 4.83851084237
14.2707440931 5.23409952051
39.4140625 9.83275208215
37.5387368492 5.31711980829
38.5154000454 4.93850702387
38.3307679042 7.16238658205
16.1176336882 5.63597743962
34.3649514964 0.757259798772
6.328125 0.185816049115
6.94434103731 8.49076085417
32.785322864 1.26723187008
37.5272068782 3.90248586617
37.702721787 4.03458247177
37.9240557315 3.72860888764
26.4551917319 3.99199344739
36.7502213304 7.69920929807
25.427165765 5.21048850348
5.39689888225 9.4303639045
36.806336541 9.81463229013
37.4551012721 7.91083918724
26.8421612631 0.387667836272
2.66126488114 1.14277724538
0.853552310854 5.76273379143
1.04258544804 5.55203575456
1.99242388787 9.5262865279
1.89164054225 0.492841378671
6.84538991194 9.56342916678
38.7840630789 6.34957777177
8.58139131642 2.30157406739
5.18453671893 8.99146835259
22.0980515491 4.82073277805
21.957493828 4.44535087754
39.5305891127 8.66936084579
38.8804173083 2.44877972405
19.4957591108 5.04878329563
16.5036798609 5.19204402576
39.0901763337 4.74363455105
1.56235771714 1.02685832932
25.9085589159 0.989057370738
13.7779215453 5.15544518312
18.0450234921 4.67514159366
25.1793437034 8.11955083063
22.334234901 5.55959725602
36.8260106031 2.08148179886
0.528206504525 9.29170420095
27.0111940162 1.02475895756
37.3174309804 9.09511757758
28.9450641475 1.29802102807
26.5835072763 5.48499520993
37.5150816673 3.70166833075
5.80969680643 0.706353618589
13.7423168165 5.96972112544
8.074052289 2.44733943995
8.92395801116 9.49883920851
26.6279478783 6.44767869446
14.7144161681 6.27320025981
0.206127597672 1.58369939436
7.25754689638 1.33245036168
11.568081181 5.09303803874
14.1225251018 5.37267802274
36.8933877376 2.39458854151
37.1467264277 2.33096376355
8.87160812532 9.15401908504
27.5572517295 0.403145226703
29.2950959359 0.190120539866
32.5812017169 1.02242679281
32.7682724904 0.706592605384
15.8754056096 5.78851004403
28.590771023 7.19023573913
28.187308099 0.783535429427
38.2421875 9.8308359358
31.1884060622 9.81843481817
0.634409385688 4.21774535736
0.563026884559 5.7389827557
2.45910654356 8.35136312201
36.7910097839 9.56568710053
37.64895408 8.19132295932
38.8397681826 3.62294999918
20.7303690235 5.80833470445
0.621805729128 3.64618063345
37.6502783931 5.68476870593
37.3940278962 5.66436560523
28.9368439711 7.36717190813
34.4424432717 1.23130057073
9.4649484062 6.75837937349
33.6876313776 9.56025471049
34.082248345 9.539144829
25.7576452687 8.49362580653
38.7947896483 4.84202090263
38.5991679593 4.55227853777
38.8543450315 9.25661468685
8.79366435603 1.7538636748
36.7425870373 1.18190659096
39.8364834807 1.75574817538
3.81573057749 0.869067695484
36.6554731736 7.47260888814
36.9167983852 7.19443683665
37.0634155111 7.39118014107
34.5538958745 8.68769674043
23.2716654689 5.60403860057
2.70005377477 9.1272054738
26.4982576308 2.13280211885
31.176872921 9.28077588985
1.36795915663 1.09881856128
21.5851614137 4.58439784067
21.7334572831 4.33606514062
39.4917271559 4.66595444165
6.18209242362 0.84318807316
28.6566000592 9.19616896701
14.4173857881 4.64146114841
37.6111927646 1.12579317915
37.7393196881 1.33863253082
36.9612333175 0.448722303027
36.6811873955 0.568148628373
1.57895478186 7.57886436133
23.2191420827 5.99436839312
0.889583300589 7.29594639458
37.3029257647 7.33975908116
28.2715050303 2.64362697594
26.2585600682 3.96005684791
27.4041632481 2.74632746654
27.4999033533 2.92248312223
35.8317663395 8.38077518874
14.3481258031 6.06224002714
27.4876679815 9.0247506261
37.9570643994 5.66662246861
11.9597331649 5.44546304655
12.1641211249 5.26636931707
19.6641211249 5.26636931707
19.4602136638 5.44871506295
28.5883549689 7.38954959321
37.6174915269 4.53520541389
7.96409856705 0.745229949144
8.99323424322 8.78364126144
26.3758939679 6.25579523876
10.6212889496 3.98988750404
22.9830350758 4.9457186348
22.6655133241 4.76322314993
22.677601381 5.0839747356
4.65979933788 9.56209175702
4.91060944609 9.82439444599
34.583258908 7.96922914956
28.6340658464 1.93821267565
34.674095763 0.884055129871
38.4419181188 8.19463828283
31.1047145796 8.84505445241
34.7342983932 2.26214956661
34.8130767881 2.07003113597
38.7095586876 7.15858811538
26.0513366475 3.38787449454
25.9894100001 3.69850758632
25.7193844042 3.60485989837
3.38603995607 8.65527104152
3.40370679745 8.85713727602
23.3483772587 4.84648147231
21.0800984433 5.55521928015
19.0316807014 3.66620769636
0.206040567704 8.4010380331
27.9860085432 6.78353298877
22.4498600566 5.35216898432
37.3267637588 6.97127114514
38.1204794479 4.10619806611
35.0269229578 1.38859040444
9.56566519093 6.55762251245
38.808223849 8.96020152992
38.5906135261 9.29795391431
22.1098629744 4.22126461971
26.2436161372 1.4641025272
39.4399378624 7.90001507133
26.581498538 9.49956113761
39.8012453568 5.27432885477
16.6266311875 4.09566241084
38.0076215195 4.43659618881
10.6288334722 5.38022786142
23.6158081291 6.05272093675
29.8496168081 8.28048768934
37.7686592573 4.95907073098
37.5639260229 4.96435137918
37.8800428507 4.67598865481
38.8026039998 9.54049276065
22.7734375 3.65635513021
25.6489908971 3.09428474108
25.8594207557 2.81677489618
26.023964822 3.07701767271
28.1640625 9.84403641255
27.9296875 9.84403641255
3.29879714289 0.796000341037
30.1976707157 1.47655523552
25.2076846198 6.96124895048
36.6281148304 6.9227367335
36.2732816577 7.12231679801
15.7168516806 5.51079327552
34.715254805 1.1465437324
1.65627687728 0.173468951573
19.8607334853 5.47932000307
12.3607334853 5.47932000307
26.802038189 0.189044296142
26.5234375 0.155773585131
8.18952459309 9.11782544537
39.2997450663 5.70361656389
19.8748764767 4.51800405244
19.6655609564 4.19870731112
12.1506675748 4.20478397661
12.3748764767 4.51800405244
19.9120649879 4.30841680673
12.4120649879 4.30841680673
36.8198678067 1.41142960857
14.7665958105 5.55670915234
35.2395497338 2.71893224575
24.0410950554 5.78782882692
38.717405589 4.23166320346
0.168457993796 6.03784881733
33.4274285371 8.62912129248
38.5335264147 0.450776146968
38.859864861 8.64949285249
38.7393380626 8.34937412877
20.8445458442 4.72136676271
1.10743763834 7.73632452038
30.3523792638 1.6733084123
25.1638406175 6.609375
9.99955588582 4.08079264167
0.482737362145 3.27832817162
0.196099526776 3.15958787358
38.4605040448 6.17884669815
16.5143156814 3.69036405654
31.4471946523 8.18645718392
1.75512135793 9.42360419772
21.1156939759 3.67482882351
38.5102961575 2.41896216991
23.4204281601 5.82729984192
38.3981018433 9.52878709735
0.815288552687 7.96116430596
9.35783978833 1.22258171532
1.2877331334 3.0669628418
3.01703201549 0.163826035792
34.0542474296 1.19597716245
34.2910892559 1.47145215859
40.0 5.46875
5.89193240463 9.08365107959
31.2440905863 9.55647920898
30.8638985675 9.54971253178
39.0969720064 5.07652901064
2.8160197074 9.79672626665
2.81922328448 9.47154658125
0.193595023271 5.61684671443
15.9495844381 5.38869325348
8.61968727459 8.55578518553
26.6197508803 6.04661061064
1.32975016598 8.91616403697
7.03125 10.0
7.1347838953 9.81212529021
19.5521246828 4.45333748347
35.7078661068 8.22810170734
37.7991993454 7.6978370017
16.1428341644 5.01447053802
22.4677425633 4.80817521161
39.1193739985 9.27526495929
28.1051856417 0.501096859135
39.4118237044 3.70556567944
36.9948411101 9.10074125309
4.44796424544 8.95741455196
37.7371564426 6.90247891716
27.2048273239 7.47519661621
27.1029255497 9.10592111374
26.8813786747 8.93964212516
26.7615684477 9.26318882133
37.5603505778 6.31068914237
37.725178083 5.98002635449
26.1346957638 0.652361490798
38.6948955436 2.56732946534
9.33560218758 2.58885972374
33.083864386 0.947339013569
22.3398561688 4.54362996657
31.9140625 0.152808591635
31.6216725986 0.197299684605
31.7486096989 0.493628298835
23.7109375 3.65450561951
37.6677097258 9.22013189256
6.55349694911 0.938468887686
33.3787101403 0.447287675251
14.062088581 4.43217912313
39.1752869569 7.77694318434
17.1047590358 3.73959904976
15.2343844519 3.6815155632
30.5145025979 9.1724459205
26.243385479 3.39739156855
38.3470799214 2.09531953149
27.609093745 2.27276300693
24.2240552877 4.87322416547
4.84375 0.0
17.3828125 6.34603885423
36.2203534033 8.50818618305
9.79728658765 8.95561772893
26.5292321704 9.84359037396
25.6496410667 8.87844245029
7.34375 0.0
7.265625 0.179414915418
2.28484065908 1.10290467676
34.6834720278 8.96745303343
5.42044136182 9.84132977761
36.1451263 6.67206753928
9.83866546931 6.609375
2.52261567038 8.67048605779
34.3545419693 1.05932095053
35.4442984367 9.44458533723
9.84266900152 2.953125
25.4897003186 5.88578140097
29.7301232611 2.14919149261
28.2458165977 7.9302188745
23.771840543 4.60283032764
24.0420390022 4.80759981517
21.4747448319 4.20087016668
27.0954284364 9.7947158236
37.0153307648 4.12296390415
27.2644787808 8.88621547466
1.43015679271 0.490582320565
20.8238830387 3.96816940298
21.6534757053 5.31604350599
8.35829594903 0.672470471973
26.5963334804 0.972766080621
11.7105999704 3.96441597147
38.9079943803 6.68906090097
30.6254668165 8.30414492465
9.84018820633 0.765625
5.72919774813 0.422769635541
9.84375 0.0
9.79335795972 9.81863637103
28.590771023 2.80976426087
28.6381082247 8.52624507599
25.651909912 5.03594867514
23.6728773393 5.67349166024
10.9782167134 3.83144908671
11.2890625 3.6501791454
11.0546875 3.6501791454
15.7024602067 6.30819860192
1.02386259437 6.235249993
36.6551507966 0.239044321386
36.3813677748 6.43897800656
36.6242757208 6.47006965905
28.6328125 0.15007152048
28.3558402656 0.416951332054
33.1474123772 1.41374969075
37.1560616479 6.27214003098
13.2660192192 4.77834336962
13.6378984198 4.90443065631
38.3093619364 8.69878746179
28.1061549797 9.47245232299
27.0253441886 2.19708700842
26.8444118225 2.0038682304
0.598589227754 5.44567144781
0.856506059067 5.4719635297
0.856506059067 4.5280364703
0.598589227754 4.55432855219
0.875956356036 4.29526265023
28.1134438143 8.06671087826
26.6386199575 5.85092693161
2.79032206091 0.426319252766
29.3032063705 1.2697279066
11.2078038316 4.59187558689
36.1866545812 7.89013630415
39.8389428456 4.47674502049
31.6009231183 0.810348361454
12.1477280576 5.94625354075
37.9814119341 8.71820039526
38.0959807473 9.08261748135
10.5628959183 5.56295948438
33.9334018881 9.41994693888
21.3086173468 4.81162316148
21.5972532561 3.93408221337
26.4036099438 7.49019945525
38.3231468406 2.71127908825
26.2927238864 8.54831979791
17.2759023326 3.93169903293
15.2619819835 4.86532575654
39.1208083573 3.68353849516
22.878779991 5.79079342563
13.496999345 5.79326968101
38.0978567429 3.25044734731
15.7727542495 4.67635896946
15.9990696445 4.88562254718
17.6496977591 4.67192520331
25.8560818566 1.40729947214
29.7611480982 8.61676714137
25.5341054466 6.07013011387
12.4943384042 6.07657091162
19.984529554 6.09335490166
26.0988887859 2.12628175568
18.1570928978 4.04080890645
21.9089156738 6.04975326987
22.2292907599 5.83310393179
18.4710496276 4.17830964254
18.5080584511 3.93230410248
22.2811035846 6.02826854251
10.9623339193 5.18811991945
29.5390732854 1.57110045574
28.9241808566 1.68766898814
28.7177450017 1.59281362677
10.0318952163 5.03665151224
4.89774298593 9.15890699114
26.1918023468 5.43150437284
36.2262847824 9.06495081721
36.2813617952 8.88403046624
27.3369902913 7.8488043194
28.8809145672 9.37692251194
8.79299868923 6.74850979565
14.4994692488 5.37615780134
14.8698831364 5.30283518605
14.6567724465 5.18841344812
7.90904488089 9.36824831496
38.0734652857 2.00014283481
9.6107372856 7.71071402567
21.0077461241 5.03220093445
36.7356602387 1.84933731741
26.641233312 8.12334755098
26.5286161756 7.86341145208
26.3255542061 8.17648769144
39.1143891148 7.33616563284
39.3363671978 7.12436331092
9.44057876197 8.15859537536
7.77326884949 8.88390035233
27.2688280938 2.08390905034
34.6502840407 0.533146537509
16.1647780432 6.32037252128
15.9713092122 6.05891842754
21.395267779 5.33687762526
29.5156713379 8.5811579908
9.88677234415 6.34628130094
10.4479905648 4.0630426487
28.5002712428 7.76558401718
28.3404214204 7.54621703
35.7002390809 2.76137040666
39.0270162182 4.35051654637
9.10354824578 6.59858802045
18.0407065732 6.32092162455
9.45459551938 9.50280242685
9.17044044321 9.50805620031
1.81501396972 9.81991208196
37.1476299664 6.66037950029
36.9859830701 6.90768742343
37.6346759071 0.931614884918
25.7060507894 2.59883171508
26.9721667765 7.17485037995
10.3807261493 4.62178254615
3.04558465566 8.86798050308
25.6963622361 7.53841096933
39.8043898141 9.40604401117
0.352826809403 4.17416187506
37.0458029646 7.58257678297
35.7376758155 7.18663067363
35.8412146218 7.54810808906
35.9804378045 7.29652378767
11.674707863 3.69954066841
26.0408642059 6.0714854995
33.0984963945 9.27540474172
26.1135325172 7.02734794217
25.9609194676 7.23585505199
36.5210529563 9.33281429519
23.4159723152 4.55559236803
0.716338963184 7.63989135645
39.1961340853 4.49609134032
36.1235424027 2.55788281966
22.328377291 6.33067922413
32.4269676628 9.60376019905
32.456506648 9.8031660885
34.8500628695 7.63556999868
8.68245827394 0.787941410961
0.189640791406 9.09894308023
0.191343910462 8.71135149238
0.825598481825 9.84754749121
40.0 0.15625
16.1588226731 4.69613221766
36.4291407194 1.37935833653
37.1697564985 5.35299950563
38.8864572729 8.03052634491
11.3365600393 5.75175533105
39.59705179 8.25307700742
25.9897587248 5.5745405692
26.063815943 5.78154867587
10.2470199705 6.31394068128
34.4144267588 9.0565921926
26.5809662837 3.65463432822
25.827193864 6.06560436977
26.4483652843 1.08593537477
37.4041252024 9.26550214316
4.33415526333 9.10471639504
34.9529951873 9.2676768649
26.2198102071 9.24615419266
36.890328874 2.62068507918
33.6983189966 8.26945516281
36.8477139308 6.18546911221
36.5813038563 6.19396464889
36.7432778113 5.93905772412
36.9283306902 5.95638349395
37.1949181916 5.99464581498
37.5087786575 4.77858423015
28.8767227024 2.43545238596
0.503972273249 1.40737490873
0.528628424907 4.38220697325
33.3327222228 9.24782879517
23.7317057549 6.33242308592
9.53769225517 4.43282851002
9.53329966321 4.67474198181
9.36769889684 4.35371416626
1.12355366948 7.0988716651
18.585029247 6.09524405268
16.710029247 6.09524405268
6.48446093881 9.0983887369
7.79958425458 9.72414696259
35.8984375 0.154238278804
